1,-7.056388,2.259701,31.063358
1,-7.407917,4.261929,36.694008
1,6.981280,4.150720,32.908783
1,8.405386,2.701610,28.712713
1,5.768133,13.778976,50.100311
1,-3.312549,15.983236,48.807438
1,-31.453018,19.239033,56.412415
1,-26.120565,19.504450,56.412415
1,-20.308487,19.191687,56.412415
1,-14.996926,19.494392,56.412415
1,-9.924334,19.744307,56.412415
1,0.158945,19.471025,69.517014
1,0.225234,19.636726,76.837379
1,0.294695,19.617678,83.800217
1,0.362570,19.578825,90.211548
1,0.430445,19.509993,96.754272
1,0.498320,19.708458,103.519432
1,0.566195,19.727076,108.302559
1,0.634070,19.480772,113.373978
1,-1.811461,24.197708,147.863785
1,0.037821,27.894444,152.338074
1,-9.010210,31.571272,152.799423
1,-48.093262,37.141163,136.517639
1,-48.007195,47.190796,138.454544
1,-47.606972,47.232430,133.057938
1,-34.333717,10.239075,139.715851
1,-37.886307,7.343173,145.897217
1,-43.106945,8.810073,139.976166
1,-33.577667,6.437999,122.185562
1,-43.015823,6.654978,123.639114
1,-30.825603,12.486191,85.631752
1,-30.825603,12.486191,73.346710
1,-67.132919,12.486191,85.631752
1,-67.132919,12.486191,75.114616
1,-144.636780,3.215748,155.414124
1,-144.636780,9.361868,155.414124
1,-144.636780,14.472198,155.414124
1,-136.959122,6.069511,61.412384
1,-136.959122,6.069511,56.562012
1,-151.099426,6.095535,81.704048
1,-154.032364,6.095535,81.704048
1,-157.352310,6.095535,81.704048
1,-147.662308,6.288337,41.190758
1,-154.093765,6.304382,41.440941
1,-89.130585,17.497995,19.814344
1,-99.310196,13.289054,-6.716142
1,-68.779404,10.793204,6.274389
1,-73.204926,7.535003,11.627246
1,-76.789352,4.623398,16.213970
1,-64.220306,15.621996,1.896533
1,-39.490044,1.779831,106.900406
1,-39.490044,1.779831,112.775551
1,-39.490044,1.779831,118.256477
1,-39.490044,1.778232,124.416389
1,-39.490547,1.779831,101.354866
1,-39.485596,1.759141,95.403748
1,-39.490044,1.779831,89.580605
1,-151.270798,1.063842,140.766357
1,-140.393768,1.370147,141.063446
1,-130.548447,12.298357,121.784454
1,-130.548447,13.697151,127.760712
1,-130.548447,15.374310,133.895645
1,-146.489395,21.638214,129.888107
1,-146.489410,25.198215,135.815048
1,-146.489410,23.543795,132.953537
1,-50.754547,15.943972,56.978764
1,-55.205109,11.577464,56.978764
1,-60.481796,7.390057,56.978764
1,-64.692215,3.619195,56.978764
1,-47.199017,19.112476,56.978764
1,-14.506910,12.101205,142.010651
1,-10.220267,14.657087,141.452179
1,-6.475471,16.991716,141.452179
1,-97.221634,4.069407,-0.000008
1,-95.484985,4.495815,2.753633
1,-143.548264,3.521840,22.867373
1,-140.775467,3.182631,20.745090
1,-137.106583,3.182631,18.466375
1,-153.219254,9.466227,113.019043
1,-148.741150,9.466227,113.019043
1,-143.771622,10.648935,113.019043
1,-139.531311,11.300304,113.019043
1,-144.636780,19.127100,155.414124
1,-39.810028,7.121864,93.642303
1,-39.810028,7.121864,99.148994
1,-39.810028,7.121864,108.755867
1,-39.810028,7.121864,113.562546
1,-41.308342,19.711029,50.456070
1,-41.462090,19.401173,62.233562
1,-36.222282,19.144030,56.525204
1,-0.163179,19.156080,121.178307
1,-5.403007,19.049765,126.766640
1,-0.687099,19.087349,132.120544
1,5.375441,19.137436,126.769943
1,-60.264828,34.082020,137.135193
1,-64.370583,30.515774,137.135193
1,-68.762314,26.805035,137.135193
1,-129.423645,5.477440,22.970484
1,-2.028270,18.286053,141.728729
1,-47.373493,12.486191,78.892448
2,-39.915749,6.158041,103.854370,1.200000,1.200000,1.200000,1.000000,0.420000,0.420000,0.420000,1.000000,2.000000,2.000000,2.000000,1.000000,1
3,-59.845379,27.023966,64.358208,2.000000,2.000000,2.000000,1.000000,1.650000,1.650000,1.650000,1.000000,2.000000,2.000000,2.000000,1.000000,1
3,-54.055725,44.085884,136.279556,2.000000,2.000000,2.000000,1.000000,1.650000,1.650000,1.650000,1.000000,2.000000,2.000000,2.000000,1.000000,1
3,-146.520935,30.633057,140.562836,2.000000,2.000000,2.000000,1.000000,1.650000,1.650000,1.650000,1.000000,2.000000,2.000000,2.000000,1.000000,1
3,1.142753,21.715609,56.547695,2.000000,2.000000,2.000000,1.000000,1.650000,1.650000,1.650000,1.000000,2.000000,2.000000,2.000000,1.000000,1
3,-59.798077,19.788343,-2.627600,2.000000,2.000000,2.000000,1.000000,1.650000,1.650000,1.650000,1.000000,2.000000,2.000000,2.000000,1.000000,1
9,-47.987217,44.051525,136.388306,4.239000,2.000000,6.196000,0.000000,0.000000,0.000000,0.000000,0.000000,0.000000
9,-62.184448,32.485912,147.210251,6.522000,3.261000,7.174000,0.000000,0.000000,0.000000,0.000000,0.000000,0.000000
11,-38.921036,0.194149,107.994560,5.217000,9.457000,30.000000,0.000000,0.000000,-18.570999,0.000000,0.000000,0.000000,2.500000
12,-3.421919,3.190221,-0.312063,0.000000,0.000000,0.000000
4,-6.593133,-0.019228,31.166166,0.000000,0.000000,0.000000,1.000000,0.900000,0.900000,0.900000,1.000000,0.000000,0.000000,0.000000,1.000000,31,1.000000,1.000000,1.000000,0.000000,0.000000,0.000000,0,7,0,0.000000,0.000000,10.000000,0.000000,0.000000,0.000000,0,0,2,0,1,0,0,0
4,6.917257,0.000004,34.244343,0.000000,0.000000,0.000000,1.000000,0.900000,0.900000,0.900000,1.000000,0.000000,0.000000,0.000000,1.000000,31,1.000000,2.000000,1.000000,0.000000,0.000000,0.000000,0,7,0,0.000000,0.000000,10.000000,0.000000,0.000000,0.000000,0,0,2,0,1,0,0,0
4,0.346316,-0.060403,44.596035,0.200000,0.200000,0.200000,1.000000,0.700000,0.700000,0.700000,1.000000,0.100000,0.100000,0.100000,1.000000,30,2.000000,1.800000,3.357233,0.000000,0.000000,0.000000,0,7,0,0.000000,0.000000,14.737000,0.000000,0.000000,0.000000,0,0,2,0,1,0,0,0
4,-7.038718,-0.000006,37.061546,0.000000,0.000000,0.000000,1.000000,0.900000,0.900000,0.900000,1.000000,0.000000,0.000000,0.000000,1.000000,31,1.000000,2.000000,1.000000,0.000000,0.000000,0.000000,0,7,0,0.000000,0.000000,10.000000,0.000000,0.000000,0.000000,0,0,2,0,1,0,0,0
4,7.900081,0.000008,29.789881,0.000000,0.000000,0.000000,1.000000,0.900000,0.900000,0.900000,1.000000,0.000000,0.000000,0.000000,1.000000,31,1.000000,1.000000,1.000000,0.000000,0.000000,0.000000,0,7,0,0.000003,0.000003,10.000000,0.000000,0.000000,0.000000,0,0,0,0,1,0,0,0
4,-20.610714,17.908981,56.714729,1.000000,1.000000,1.000000,1.000000,0.450000,0.450000,0.450000,1.000000,0.450000,0.450000,0.450000,1.000000,32,1.497824,1.000000,0.999971,0.000000,90.000000,0.000000,0,7,0,-nan,0.000000,14.947000,0.000000,0.000000,0.000000,0,0,0,0,1,0,1,0
4,21.368193,-0.312235,6.453548,0.800000,0.800000,0.800000,1.000000,1.100000,1.100000,1.100000,1.000000,0.100000,0.100000,0.100000,1.000000,43,0.597877,0.523000,0.997034,0.000000,89.999992,0.000000,3,7,0,0.000000,0.000000,50.000000,20.326000,20.326000,0.000000,0,0,1,0,1,0,0,0
4,21.448563,-0.280000,65.941948,0.800000,0.800000,0.800000,1.000000,1.100000,1.100000,1.100000,1.000000,0.100000,0.100000,0.100000,1.000000,43,0.598691,0.523000,0.997848,0.000000,89.999985,0.000000,3,7,0,1239591608177917952.000000,1239136410364018688.000000,70.000000,10.815000,32.500000,0.000000,0,0,1,0,1,0,0,0
4,0.082688,0.000000,56.613708,0.400000,0.400000,0.400000,1.000000,1.000000,1.000000,1.000000,1.000000,0.300000,0.300000,0.300000,1.000000,26,3.000000,4.000000,3.200000,0.000000,0.000000,0.000000,0,7,0,1239288142968651776.000000,1241108934224248832.000000,13.263000,0.000000,8.368000,0.000000,0,0,2,0,1,0,0,0
4,5.586336,11.258908,51.300709,0.000000,0.000000,0.000000,1.000000,0.900000,0.900000,0.900000,1.000000,0.000000,0.000000,0.000000,1.000000,31,0.500000,1.000000,0.500000,0.000000,0.000000,0.000000,0,7,0,1260985905431183360.000000,1240653736410349568.000000,10.000000,0.000000,0.000000,0.000000,0,0,2,0,1,0,0,0
4,-2.734596,13.527578,49.393280,0.000000,0.000000,0.000000,1.000000,0.900000,0.900000,0.900000,1.000000,0.000000,0.000000,0.000000,1.000000,31,0.500000,1.000000,0.500000,0.000000,-0.000000,0.000000,0,7,0,489445402081230848.000000,489293669476597760.000000,10.000000,0.000000,0.000000,0.000000,0,0,2,0,1,0,0,0
4,0.188852,17.909655,91.770081,1.000000,1.000000,1.000000,1.000000,0.450000,0.450000,0.450000,1.000000,0.450000,0.450000,0.450000,1.000000,32,1.499478,1.000000,2.063966,0.000000,0.000000,0.000000,0,7,0,1392994220383922205845618688.000000,1392994220383922205845618688.000000,34.316002,0.000000,0.000000,0.000000,0,0,0,0,1,0,1,0
4,0.084660,0.029917,126.934128,0.400000,0.400000,0.400000,1.000000,1.000000,1.000000,1.000000,1.000000,0.300000,0.300000,0.300000,1.000000,26,3.000000,4.000000,3.200000,0.000000,-0.000000,0.000000,0,7,0,514789302368292535684562944.000000,514381998259145028784881664.000000,13.263000,0.000000,8.368000,0.000000,0,0,2,0,1,0,0,0
4,-41.249180,0.000000,56.613708,0.400000,0.400000,0.400000,1.000000,1.000000,1.000000,1.000000,1.000000,0.300000,0.300000,0.300000,1.000000,26,3.000000,4.000000,3.200000,0.000000,-0.000000,0.000000,0,7,0,1392994220383922205845618688.000000,1392994220383922205845618688.000000,13.263000,0.000000,8.368000,0.000000,0,0,2,0,1,0,0,0
4,-59.647034,-4.302011,64.472038,0.200000,0.200000,0.200000,1.000000,1.000000,1.000000,1.000000,1.000000,0.100000,0.100000,0.100000,1.000000,33,1.000000,4.000000,1.000000,0.000000,0.000000,0.000000,0,7,0,514504189491889280854786048.000000,514870763190122037064499200.000000,21.895000,0.000000,12.789000,0.000000,0,0,2,0,1,0,0,0
4,-31.690704,-0.001000,85.154472,0.200000,0.200000,0.200000,1.000000,0.700000,0.700000,0.700000,1.000000,0.100000,0.100000,0.100000,1.000000,30,1.958808,2.200000,2.000000,0.000000,-0.000000,0.000000,0,7,1,0.000000,0.000000,40.000000,0.000000,0.000000,0.000000,0,0,1,0,1,0,0,0
4,-39.125404,6.167233,86.451363,0.200000,0.200000,0.200000,1.000000,0.700000,0.700000,0.700000,1.000000,0.100000,0.100000,0.100000,1.000000,30,0.650000,1.000000,1.500000,0.000000,-0.000000,0.000000,0,7,0,87742897417291315158188032.000000,87844723444578191883108352.000000,40.000000,0.000000,0.000000,0.000000,0,0,1,0,1,0,0,0
4,-42.482914,0.000000,74.223396,0.200000,0.200000,0.200000,1.000000,0.700000,0.700000,0.700000,1.000000,0.100000,0.100000,0.100000,1.000000,30,1.800000,2.200000,1.750000,0.000000,-0.000000,0.000000,0,7,0,87834540841849504210616320.000000,87661436595461813778251776.000000,40.000000,0.000000,0.000000,0.000000,0,0,1,0,1,0,0,0
4,-44.426674,0.000000,84.546974,0.200000,0.200000,0.200000,1.000000,0.700000,0.700000,0.700000,1.000000,0.100000,0.100000,0.100000,1.000000,30,1.200000,2.200000,2.250000,0.000000,-0.000000,0.000000,0,7,0,0.739140,0.000000,40.000000,0.000000,0.000000,0.000000,0,0,1,0,1,0,0,0
4,-62.419796,-9.180602,79.996452,0.200000,0.200000,0.200000,1.000000,0.700000,0.700000,0.700000,1.000000,0.100000,0.100000,0.100000,1.000000,30,5.200000,4.000000,4.000000,0.000000,-0.000000,0.000000,0,7,0,-0.000000,-36893488147419103232.000000,40.000000,0.000000,0.000000,0.000000,0,0,1,0,1,0,0,0
4,-34.523369,-0.000006,92.874237,0.200000,0.200000,0.200000,1.000000,0.700000,0.700000,0.700000,1.000000,0.100000,0.100000,0.100000,1.000000,30,1.000000,1.000000,1.000000,0.000000,0.000000,0.000000,0,7,1,433368620653895547732623360.000000,432554012435600533933260800.000000,10.000000,0.000000,0.000000,0.000000,0,0,1,0,1,0,0,0
4,-43.883877,-0.000006,93.139442,0.200000,0.200000,0.200000,1.000000,0.700000,0.700000,0.700000,1.000000,0.100000,0.100000,0.100000,1.000000,30,1.000000,1.000000,1.000000,0.000000,-0.000000,0.000000,0,7,0,1118139504573080962884173824.000000,1118954112791375976683536384.000000,10.000000,0.000000,0.000000,0.000000,0,0,1,0,1,0,0,0
4,-43.931297,-0.000006,98.295723,0.200000,0.200000,0.200000,1.000000,0.700000,0.700000,0.700000,1.000000,0.100000,0.100000,0.100000,1.000000,30,1.000000,1.000000,1.000000,0.000000,-0.000000,0.000000,0,7,0,0.000000,0.000000,10.000000,0.000000,0.000000,0.000000,0,0,1,0,1,0,0,0
4,-34.516037,-0.000006,98.023384,0.200000,0.200000,0.200000,1.000000,0.700000,0.700000,0.700000,1.000000,0.100000,0.100000,0.100000,1.000000,30,1.000000,1.000000,1.000000,0.000000,-0.000000,0.000000,0,7,1,0.739140,0.000000,10.000000,0.000000,0.000000,0.000000,0,0,1,0,1,0,0,0
4,-39.313068,4.572144,105.003044,0.200000,0.200000,0.200000,1.000000,0.700000,0.700000,0.700000,1.000000,0.100000,0.100000,0.100000,1.000000,30,0.700000,0.300000,6.000000,0.000000,0.000000,0.000000,3,7,0,0.739140,0.000000,17.684000,0.000000,0.000000,0.000000,0,0,1,0,1,0,0,0
4,-43.953598,-0.000006,103.405624,0.200000,0.200000,0.200000,1.000000,0.700000,0.700000,0.700000,1.000000,0.100000,0.100000,0.100000,1.000000,30,1.000000,1.000000,1.000000,0.000000,-0.000000,0.000000,0,7,0,0.162211,0.074658,10.000000,0.000000,0.000000,0.000000,0,0,1,0,1,0,0,0
4,-43.974026,-0.000006,108.563477,0.200000,0.200000,0.200000,1.000000,0.700000,0.700000,0.700000,1.000000,0.100000,0.100000,0.100000,1.000000,30,1.000000,1.000000,1.000000,0.000000,-0.000000,0.000000,0,7,0,-0.000000,0.555570,10.000000,0.000000,0.000000,0.000000,0,0,1,0,1,0,0,0
4,-43.913120,-0.000006,113.718018,0.200000,0.200000,0.200000,1.000000,0.700000,0.700000,0.700000,1.000000,0.100000,0.100000,0.100000,1.000000,30,1.000000,1.000000,1.000000,0.000000,-0.000000,0.000000,0,7,0,-0.038061,0.961940,10.000000,0.000000,0.000000,0.000000,1,0,1,0,1,0,0,0
4,-34.494747,-0.000006,103.176994,0.200000,0.200000,0.200000,1.000000,0.700000,0.700000,0.700000,1.000000,0.100000,0.100000,0.100000,1.000000,30,1.000000,1.000000,1.000000,0.000000,-0.000000,0.000000,0,7,1,1.000000,0.000000,10.000000,0.000000,0.000000,0.000000,0,0,1,0,1,0,0,0
4,-34.513771,-0.000006,108.374474,0.200000,0.200000,0.200000,1.000000,0.700000,0.700000,0.700000,1.000000,0.100000,0.100000,0.100000,1.000000,30,1.000000,1.000000,1.022326,0.000000,-0.000000,0.000000,0,7,1,433450081475725049112559616.000000,433613003119384051872432128.000000,10.000000,0.000000,0.000000,0.000000,0,0,1,0,1,0,0,0
4,-34.525532,-0.000006,113.555649,0.200000,0.200000,0.200000,1.000000,0.700000,0.700000,0.700000,1.000000,0.100000,0.100000,0.100000,1.000000,30,1.000000,1.000000,1.000000,0.000000,-0.000000,0.000000,0,7,1,0.587938,0.212608,10.000000,0.000000,0.000000,0.000000,0,0,1,0,1,0,0,0
4,15.171973,0.000004,154.826767,0.200000,0.200000,0.200000,1.000000,0.700000,0.700000,0.700000,1.000000,0.100000,0.100000,0.100000,1.000000,30,2.800000,2.000000,4.167486,0.000000,0.000000,0.000000,0,7,0,0.212607,0.831470,40.000000,0.000000,5.053000,0.000000,0,0,1,0,1,0,0,0
4,21.750353,-0.280000,145.035889,0.800000,0.800000,0.800000,1.000000,1.100000,1.100000,1.100000,1.000000,0.100000,0.100000,0.100000,1.000000,43,0.996549,0.523000,0.994709,0.000000,90.000000,0.000000,3,7,0,0.375330,0.980785,80.000000,29.076000,26.413000,-8.587000,0,0,1,0,1,0,0,0
4,-56.386059,11.391684,80.171333,0.640000,0.640000,0.640000,1.000000,1.000000,1.000000,1.000000,1.000000,0.500000,0.500000,0.500000,1.000000,46,1.000000,1.000000,0.600000,0.000000,0.000000,0.000000,5,5,0,0.000000,0.000000,19.249887,0.000000,0.429530,0.000000,0,0,0,0,0,0,0,0
4,-58.671391,-1.484183,56.801567,2.000000,2.000000,2.000000,1.000000,0.700000,0.700000,0.700000,1.000000,0.100000,0.100000,0.100000,1.000000,45,1.940514,2.560000,3.778358,0.000000,90.000000,0.000000,0,7,0,0.000000,0.000000,21.625999,1.057000,2.764000,0.000000,0,0,2,0,1,0,0,0
4,-136.457672,0.000005,58.913490,0.100000,0.100000,0.100000,1.000000,0.600000,0.600000,0.600000,1.000000,0.300000,0.300000,0.300000,1.000000,27,3.000000,1.000000,4.000000,0.000000,-0.000000,0.000000,0,7,0,-0.038061,0.961940,10.000000,0.000000,0.000000,0.000000,0,0,2,0,1,0,2,0
4,-153.663193,0.003836,81.036018,0.100000,0.100000,0.100000,1.000000,0.600000,0.600000,0.600000,1.000000,0.300000,0.300000,0.300000,1.000000,27,5.300000,1.000000,2.000000,0.000000,-0.000000,0.000000,0,7,0,-0.000000,0.375330,10.000000,0.000000,0.000000,0.000000,0,0,2,0,1,0,2,0
4,-150.894333,0.000005,41.190563,0.100000,0.100000,0.100000,1.000000,0.600000,0.600000,0.600000,1.000000,0.300000,0.300000,0.300000,1.000000,27,5.300000,1.000000,2.000000,0.000000,-0.000000,0.000000,0,7,0,14.022354,14.034988,10.000000,0.000000,0.000000,0.000000,0,0,2,0,1,0,2,0
4,-157.981079,-0.002071,58.101295,0.100000,0.100000,0.100000,1.000000,0.600000,0.600000,0.600000,1.000000,0.300000,0.300000,0.300000,1.000000,27,5.000000,1.500000,5.000000,0.000000,-0.000000,0.000000,0,7,0,0.693520,0.000000,14.583000,0.000000,0.000000,0.000000,0,0,2,0,1,0,2,0
4,-3.162796,-0.092640,0.471172,0.000000,0.000000,0.000000,1.000000,1.000000,1.000000,1.000000,0.931000,0.100000,0.100000,0.100000,1.000000,49,1.510000,1.510000,1.510000,0.000000,-41.331333,0.000000,6,7,0,0.000000,0.831470,10.000000,0.000000,0.000000,0.000000,0,0,2,0,1,0,0,0
4,-7.013480,0.000008,162.682617,0.200000,0.200000,0.200000,1.000000,0.700000,0.700000,0.700000,1.000000,0.100000,0.100000,0.100000,1.000000,30,5.000000,2.000000,1.000000,0.000000,0.000000,0.000000,0,7,0,2892.694824,-0.000000,20.488001,0.000000,0.000000,0.000000,0,0,0,0,1,0,0,0
4,-18.421902,-0.000002,154.964340,0.200000,0.200000,0.200000,1.000000,0.700000,0.700000,0.700000,1.000000,0.100000,0.100000,0.100000,1.000000,30,1.006961,2.000000,2.000000,0.000000,0.000000,0.000000,0,7,0,2892.832520,-0.000000,19.024000,0.000000,0.000000,0.000000,0,0,1,0,1,0,0,0
4,-9.356937,10.035713,141.593719,0.900000,0.900000,0.900000,1.000000,0.400000,0.400000,0.400000,1.000000,0.000000,0.000000,0.000000,1.000000,37,0.599541,1.026383,0.787304,0.000000,90.000000,0.000000,0,7,0,0.739140,0.000000,10.000000,0.000000,0.000000,0.000000,0,0,2,0,1,0,0,0
4,-2.119641,0.000000,141.808029,0.200000,0.200000,0.200000,1.000000,0.700000,0.700000,0.700000,1.000000,0.100000,0.100000,0.100000,1.000000,30,1.000000,3.400000,0.900000,0.000000,0.000000,0.000000,0,7,0,0.000030,0.000030,33.333000,0.000000,0.000000,0.000000,0,0,2,0,1,0,0,0
4,-10.186037,-0.000013,141.857971,0.200000,0.200000,0.200000,1.000000,0.700000,0.700000,0.700000,1.000000,0.100000,0.100000,0.100000,1.000000,30,1.900000,2.000000,1.000000,0.000000,0.000000,0.000000,0,7,0,79095.125000,79008.875000,10.000000,0.000000,0.000000,0.000000,0,0,1,0,1,0,0,0
4,-4.720000,0.000000,156.879517,0.200000,0.200000,0.200000,1.000000,0.700000,0.700000,0.700000,1.000000,0.100000,0.100000,0.100000,1.000000,30,2.400000,7.000000,1.300000,0.000000,-0.000000,0.000000,0,7,0,0.000014,0.000014,38.536999,0.000000,7.602000,0.000000,0,0,2,0,1,0,0,0
4,-1.644192,0.000006,147.946960,0.200000,0.200000,0.200000,1.000000,1.000000,1.000000,1.000000,1.000000,0.100000,0.100000,0.100000,1.000000,33,1.000000,3.000000,1.000000,0.000000,0.000000,0.000000,0,7,0,0.000028,0.000028,25.202999,0.000000,11.870000,0.000000,0,0,2,0,1,0,0,0
4,-8.655159,0.000006,152.601486,0.200000,0.200000,0.200000,1.000000,1.000000,1.000000,1.000000,1.000000,0.100000,0.100000,0.100000,1.000000,33,1.000000,4.000000,1.000000,0.000000,-0.000000,0.000000,0,7,0,0.000028,0.000028,25.202999,0.000000,11.870000,0.000000,0,0,2,0,1,0,0,0
4,0.005038,26.027554,152.876984,0.200000,0.200000,0.200000,1.000000,1.000000,1.000000,1.000000,1.000000,0.100000,0.100000,0.100000,1.000000,33,1.000000,0.100000,1.000000,0.000000,0.000000,0.000000,0,7,0,0.000028,0.000028,10.000000,0.000000,0.000000,0.000000,0,0,2,0,1,0,0,0
4,-69.953300,-0.583098,34.647243,0.800000,0.800000,0.800000,1.000000,1.100000,1.100000,1.100000,1.000000,0.100000,0.100000,0.100000,1.000000,52,0.420000,0.210000,0.600000,0.000000,0.000000,0.000000,0,7,0,0.000688,1140884452172168808180775649280.000000,50.000000,6.630000,13.478000,1.304000,0,0,1,0,1,0,0,0
4,-27.234917,-0.215361,52.428864,0.800000,0.800000,0.800000,1.000000,1.100000,1.100000,1.100000,1.000000,0.100000,0.100000,0.100000,1.000000,52,0.172833,0.070000,0.998579,0.000000,89.999947,0.000000,0,7,0,0.000043,0.000010,26.304001,0.000000,0.000000,0.000000,0,0,1,0,1,0,1,0
4,-34.319481,0.000002,126.358597,0.200000,0.200000,0.200000,1.000000,0.700000,0.700000,0.700000,1.000000,0.100000,0.100000,0.100000,1.000000,30,1.000000,1.000000,4.000000,0.000000,0.000000,0.000000,0,7,0,-0.000000,-0.000000,12.520000,0.000000,0.000000,0.000000,0,0,1,0,1,0,0,0
4,-43.827515,-0.001937,126.358597,0.200000,0.200000,0.200000,1.000000,0.700000,0.700000,0.700000,1.000000,0.100000,0.100000,0.100000,1.000000,30,1.000000,1.000000,4.000000,0.000000,-0.000000,0.000000,0,7,0,-nan,-nan,12.520000,0.000000,0.000000,0.000000,0,0,1,0,1,0,0,0
4,-38.987999,-0.411877,139.205688,0.200000,0.200000,0.200000,1.000000,0.700000,0.700000,0.700000,1.000000,0.100000,0.100000,0.100000,1.000000,30,1.487912,0.500000,1.000000,0.000000,0.000000,0.000000,0,7,0,16875598615538303907424861421568.000000,0.000000,10.000000,0.000000,0.000000,0.000000,0,0,0,0,1,0,0,0
4,-39.161480,5.137399,125.289543,0.200000,0.200000,0.200000,1.000000,0.700000,0.700000,0.700000,1.000000,0.100000,0.100000,0.100000,1.000000,30,0.800000,0.200000,2.800000,0.000000,-0.000000,0.000000,3,7,0,-210814113640835625512861696.000000,-210182792271656989818355712.000000,10.000000,0.000000,0.000000,0.000000,0,0,1,0,1,0,0,0
4,-40.433422,0.000000,143.490204,0.000000,0.000000,0.000000,1.000000,0.900000,0.900000,0.900000,1.000000,0.000000,0.000000,0.000000,1.000000,31,1.909481,2.700000,0.700000,0.000000,0.000000,0.000000,0,7,0,0.000000,0.000000,10.000000,0.000000,0.000000,0.000000,0,0,2,0,1,0,0,0
4,-38.461590,0.000000,148.304504,0.000000,0.000000,0.000000,1.000000,0.900000,0.900000,0.900000,1.000000,0.000000,0.000000,0.000000,1.000000,31,0.900000,4.000000,0.900000,0.000000,-0.000000,0.000000,0,7,0,0.000000,0.000000,10.000000,0.000000,0.000000,0.000000,0,0,2,0,1,0,0,0
4,-31.341480,0.000000,138.968506,0.000000,0.000000,0.000000,1.000000,0.900000,0.900000,0.900000,1.000000,0.000000,0.000000,0.000000,1.000000,31,1.498122,6.000000,1.898769,0.000000,-0.000000,0.000000,0,7,0,0.000000,0.000000,10.000000,0.000000,1.911000,0.000000,0,0,2,0,1,0,0,0
4,-44.085659,0.000000,139.603287,0.000000,0.000000,0.000000,1.000000,0.900000,0.900000,0.900000,1.000000,0.000000,0.000000,0.000000,1.000000,31,0.900000,5.000000,1.200000,0.000000,-0.000000,0.000000,0,7,0,0.862571,0.239143,10.000000,0.000000,0.000000,0.000000,0,0,2,0,1,0,0,0
4,-50.963898,0.000002,158.843933,0.200000,0.200000,0.200000,1.000000,0.700000,0.700000,0.700000,1.000000,0.100000,0.100000,0.100000,1.000000,30,7.000000,3.000000,4.000000,0.000000,-0.000000,0.000000,0,7,0,0.932162,0.202703,27.480000,0.000000,0.000000,0.000000,0,0,1,0,1,0,0,0
4,-33.498676,-1.605636,146.204132,0.000000,0.000000,0.000000,1.000000,0.900000,0.900000,0.900000,1.000000,0.000000,0.000000,0.000000,1.000000,31,2.132727,2.000000,0.900000,0.000000,-0.000000,0.000000,0,7,0,0.000000,0.000000,10.000000,0.000000,0.000000,0.000000,0,0,2,0,1,0,0,0
4,-78.667633,0.000002,149.133102,0.200000,0.200000,0.200000,1.000000,0.700000,0.700000,0.700000,1.000000,0.100000,0.100000,0.100000,1.000000,30,6.996158,4.800000,2.997786,0.000000,90.000000,0.000000,0,7,0,0.000000,0.000000,40.000000,0.000000,11.016000,0.000000,0,0,1,0,1,0,0,0
4,-64.305832,24.235441,136.855423,2.000000,2.000000,2.000000,1.000000,0.700000,0.700000,0.700000,1.000000,0.100000,0.100000,0.100000,1.000000,45,1.799046,1.630948,2.391822,0.000000,90.000000,0.000000,0,7,0,0.000000,14981692534809201475584.000000,28.913000,0.000000,3.902000,0.000000,0,0,0,0,1,0,0,0
4,-68.344940,24.093988,130.347565,0.000000,0.000000,0.000000,1.000000,0.900000,0.900000,0.900000,1.000000,0.000000,0.000000,0.000000,1.000000,31,1.200000,4.391073,1.200000,0.000000,-0.000000,0.000000,0,7,0,0.000000,0.000000,28.695999,0.000000,17.275999,0.000000,0,0,2,0,1,0,0,0
4,-51.022110,0.000002,142.278763,0.200000,0.200000,0.200000,1.000000,0.700000,0.700000,0.700000,1.000000,0.100000,0.100000,0.100000,1.000000,30,2.191909,6.970000,2.497780,0.000000,89.999992,0.000000,0,7,0,116.000000,139.000000,40.000000,0.000000,11.016000,0.000000,0,0,1,0,1,0,0,0
4,-47.722988,35.618694,136.155441,0.100000,0.100000,0.100000,0.963000,1.000000,1.000000,1.000000,1.000000,0.300000,0.300000,0.300000,1.000000,29,0.998928,1.000000,0.998928,0.000000,90.000000,0.000000,0,7,0,0.000000,0.000000,21.087000,0.000000,3.662000,0.000000,0,0,2,0,1,0,0,0
4,-72.227402,0.000002,125.209633,0.200000,0.200000,0.200000,1.000000,0.700000,0.700000,0.700000,1.000000,0.100000,0.100000,0.100000,1.000000,30,5.901349,4.800000,1.539047,0.000000,0.000000,0.000000,0,7,0,190.000000,0.863281,40.000000,0.000000,11.016000,0.000000,0,0,1,0,1,0,0,0
4,-88.718254,0.000000,149.203644,0.800000,0.800000,0.800000,1.000000,1.100000,1.100000,1.100000,1.000000,0.100000,0.100000,0.100000,1.000000,52,0.279511,0.300000,2.295613,0.000000,90.000000,0.000000,3,7,0,-nan,46.000000,42.000000,0.000000,34.021999,0.000000,0,0,1,0,1,0,0,0
4,-4.179000,0.000013,151.754959,0.200000,0.200000,0.200000,1.000000,0.700000,0.700000,0.700000,1.000000,0.100000,0.100000,0.100000,1.000000,30,4.000000,2.000000,3.250000,0.000000,0.000000,0.000000,0,7,0,0.056507,0.056614,43.000000,0.000000,22.228001,0.000000,0,0,1,0,1,0,0,0
4,-31.973021,11.391684,80.189484,0.640000,0.640000,0.640000,1.000000,1.000000,1.000000,1.000000,1.000000,0.500000,0.500000,0.500000,1.000000,46,0.350000,1.000000,0.593000,0.000000,-0.000000,0.000000,5,5,0,0.000000,0.000000,11.374761,0.000000,0.429530,0.000000,0,0,0,0,0,0,0,0
4,-39.327621,11.391684,75.024689,0.640000,0.640000,0.640000,1.000000,1.000000,1.000000,1.000000,1.000000,0.500000,0.500000,0.500000,1.000000,46,0.140000,1.000000,0.250000,0.000000,-0.000000,0.000000,5,5,0,0.000000,0.000000,0.000000,0.000000,0.000000,0.000000,1,0,0,0,0,0,0,0
4,-39.327621,11.391684,86.065765,0.640000,0.640000,0.640000,1.000000,1.000000,1.000000,1.000000,1.000000,0.500000,0.500000,0.500000,1.000000,46,0.140000,1.000000,0.200000,0.000000,-0.000000,0.000000,5,5,0,0.513280,-0.831470,0.000000,0.000000,0.000000,0.000000,1,0,0,0,0,0,0,0
4,-56.335693,0.204262,118.699997,0.200000,0.200000,0.200000,1.000000,0.700000,0.700000,0.700000,1.000000,0.100000,0.100000,0.100000,1.000000,30,3.350000,1.000000,1.000000,0.000000,-0.000000,0.000000,3,7,0,-nan,-nan,40.000000,0.000000,11.016000,0.000000,0,0,1,0,1,0,0,0
4,-144.045853,0.000000,104.953880,0.800000,0.800000,0.800000,1.000000,1.100000,1.100000,1.100000,1.000000,0.100000,0.100000,0.100000,1.000000,52,0.300000,0.140000,0.400000,0.000000,0.000000,0.000000,0,7,0,33566883191692341836244844544.000000,33595557400976326321982406656.000000,36.738998,-2.880000,11.196000,0.000000,0,0,1,0,1,0,0,0
4,-132.981461,0.000000,170.529297,0.800000,0.800000,0.800000,1.000000,1.100000,1.100000,1.100000,1.000000,0.100000,0.100000,0.100000,1.000000,52,0.430000,0.300000,0.600000,0.000000,-0.000000,0.000000,3,7,0,33624231610260310807719968768.000000,33616411371364678675246088192.000000,82.000000,32.500000,31.739000,13.859000,0,0,1,0,1,0,0,0
4,-131.057373,0.000006,142.935211,0.200000,0.200000,0.200000,1.000000,0.700000,0.700000,0.700000,1.000000,0.100000,0.100000,0.100000,1.000000,30,2.000000,3.000000,2.000000,0.000000,0.000000,0.000000,0,7,0,0.739140,0.000000,20.813000,0.000000,0.000000,0.000000,0,0,2,0,1,0,0,0
4,-139.613907,0.000006,155.305710,0.200000,0.200000,0.200000,1.000000,0.700000,0.700000,0.700000,1.000000,0.100000,0.100000,0.100000,1.000000,30,1.000000,3.000000,1.000000,0.000000,-0.000000,0.000000,0,7,0,-0.288899,-0.952376,12.195000,0.000000,11.870000,0.000000,0,0,2,0,1,0,0,0
4,-152.358780,-0.002092,155.305710,0.200000,0.200000,0.200000,1.000000,0.700000,0.700000,0.700000,1.000000,0.100000,0.100000,0.100000,1.000000,30,2.000000,3.000000,1.000000,0.000000,-0.000000,0.000000,0,7,0,0.451281,0.844288,12.195000,0.000000,11.870000,0.000000,0,0,2,0,1,0,0,0
4,-155.291168,0.000006,148.894485,0.200000,0.200000,0.200000,1.000000,0.700000,0.700000,0.700000,1.000000,0.100000,0.100000,0.100000,1.000000,30,0.999264,3.000000,1.498896,0.000000,180.000000,0.000000,0,7,0,0.000000,0.000000,14.783000,0.000000,11.870000,0.000000,0,0,2,0,1,0,0,0
4,-151.056046,-0.000014,125.840691,0.200000,0.200000,0.200000,1.000000,0.700000,0.700000,0.700000,1.000000,0.100000,0.100000,0.100000,1.000000,30,2.350000,3.750000,1.000000,0.000000,-0.000000,0.000000,0,7,0,-0.257142,-0.137446,12.195000,0.000000,11.870000,0.000000,0,0,2,0,1,0,0,0
4,-146.445114,0.000006,140.741516,0.200000,0.200000,0.200000,1.000000,0.700000,0.700000,0.700000,1.000000,0.100000,0.100000,0.100000,1.000000,30,0.900000,5.000000,1.000000,0.000000,-0.000000,0.000000,0,7,0,0.000000,0.000000,16.739000,0.000000,11.870000,0.000000,0,0,2,0,1,0,0,0
4,-164.093506,-0.678022,128.457016,0.900000,0.900000,0.900000,1.000000,0.400000,0.400000,0.400000,1.000000,0.000000,0.000000,0.000000,1.000000,37,1.680805,1.100000,1.994975,-180.000000,-0.000846,179.999954,0,7,0,941066504655339520.000000,943266627422519296.000000,14.634000,0.000000,0.000000,0.000000,0,0,2,0,1,0,0,0
4,-163.426422,-0.000014,111.185204,0.200000,0.200000,0.200000,1.000000,0.700000,0.700000,0.700000,1.000000,0.100000,0.100000,0.100000,1.000000,30,2.000000,1.400000,2.300000,0.000000,-0.000000,0.000000,0,7,0,1201519918554546176.000000,1202126848973078528.000000,12.195000,0.000000,11.870000,0.000000,0,0,2,0,1,0,0,0
4,-147.072052,8.678464,112.944542,1.000000,1.000000,1.000000,1.000000,0.450000,0.450000,0.450000,1.000000,0.450000,0.450000,0.450000,1.000000,32,0.999976,0.999889,0.773000,-9.500000,90.000000,0.000000,0,7,0,57420274096372315996695822336.000000,57540184426105342027961991168.000000,12.958000,0.000000,0.000000,0.000000,0,0,0,0,1,0,1,0
4,-127.637917,-0.000014,111.768074,0.200000,0.200000,0.200000,1.000000,0.700000,0.700000,0.700000,1.000000,0.100000,0.100000,0.100000,1.000000,30,3.100000,2.100000,2.500000,0.000000,-0.000000,0.000000,0,7,0,0.000000,0.000000,14.130000,0.000000,3.967000,0.000000,0,0,2,0,1,0,0,0
4,-130.622101,12.250119,127.105835,1.000000,1.000000,1.000000,1.000000,0.450000,0.450000,0.450000,1.000000,0.450000,0.450000,0.450000,1.000000,32,0.990499,0.999590,0.796022,165.000000,0.000000,180.000000,0,7,0,-0.000000,0.000000,12.958000,0.000000,0.000000,0.000000,0,0,0,0,1,0,1,0
4,-155.310181,16.999985,132.848892,1.000000,1.000000,1.000000,1.000000,0.450000,0.450000,0.450000,1.000000,0.450000,0.450000,0.450000,1.000000,32,0.989886,0.999554,0.349726,-155.000000,0.000004,179.999985,0,7,0,0.000000,0.000000,12.958000,0.000000,0.000000,0.000000,0,0,0,0,1,0,1,0
4,-146.425629,21.858917,133.205231,1.000000,1.000000,1.000000,1.000000,0.450000,0.450000,0.450000,1.000000,0.450000,0.450000,0.450000,1.000000,32,0.988827,0.999547,0.419449,148.000000,0.000005,-179.999969,0,7,0,0.000000,0.000000,12.958000,0.000000,0.000000,0.000000,0,0,0,0,1,0,1,0
4,-57.463860,62.034603,145.331558,1.000000,1.000000,1.000000,1.000000,1.000000,1.090000,1.000000,1.873000,2.000000,2.000000,2.000000,1.000000,50,1.000000,1.000000,1.000000,0.000000,0.000000,0.000000,5,5,1,0.000000,0.000000,0.000000,0.000000,0.000000,0.000000,1,0,0,0,1,0,0,0
4,-112.341087,0.000034,11.473948,0.400000,0.400000,0.400000,1.000000,1.000000,1.000000,1.000000,1.000000,0.300000,0.300000,0.300000,1.000000,26,1.000000,1.000000,1.000000,0.000000,0.000000,0.000000,0,7,0,0.000000,0.000000,10.000000,0.000000,0.000000,0.000000,0,0,2,0,1,0,0,0
4,-99.107903,0.000006,-6.841140,0.400000,0.400000,0.400000,1.000000,1.000000,1.000000,1.000000,1.000000,0.300000,0.300000,0.300000,1.000000,26,1.000000,2.500000,1.000000,0.000000,0.000000,0.000000,0,7,0,0.000000,0.000000,10.000000,0.000000,2.676000,0.000000,0,0,2,0,1,0,0,0
4,-97.025246,0.570111,-1.947330,0.400000,0.400000,0.400000,1.000000,1.000000,1.000000,1.000000,1.000000,0.300000,0.300000,0.300000,1.000000,26,1.000000,1.499034,0.999259,90.000000,0.000000,-30.000000,6,7,0,0.000000,0.000000,10.000000,0.000000,0.000000,0.000000,0,0,2,0,1,0,0,0
4,-107.810631,-0.000002,19.878929,0.400000,0.400000,0.400000,1.000000,1.000000,1.000000,1.000000,1.000000,0.300000,0.300000,0.300000,1.000000,26,1.000000,0.500000,1.000000,0.000000,0.000000,0.000000,0,7,0,0.000000,0.000000,10.000000,0.000000,0.000000,0.000000,0,0,2,0,1,0,0,0
4,-112.463127,-0.000006,2.140485,0.400000,0.400000,0.400000,1.000000,1.000000,1.000000,1.000000,1.000000,0.300000,0.300000,0.300000,0.275000,26,1.000000,1.500000,1.000000,0.000000,-0.000000,0.000000,0,7,0,0.000000,0.000000,10.000000,0.000000,0.000000,0.000000,0,0,2,0,1,0,0,0
4,-57.988071,0.000006,21.171877,0.400000,0.400000,0.400000,1.000000,1.000000,1.000000,1.000000,1.000000,0.300000,0.300000,0.300000,1.000000,26,1.000000,1.500000,1.000000,0.000000,-0.000000,0.000000,0,7,0,0.000000,0.000000,10.000000,0.000000,0.000000,0.000000,0,0,2,0,1,0,0,0
4,-101.339745,0.000006,13.105297,0.400000,0.400000,0.400000,1.000000,1.000000,1.000000,1.000000,1.000000,0.300000,0.300000,0.300000,1.000000,26,1.000000,0.500000,1.000000,0.000000,-0.000000,0.000000,0,7,0,0.000000,0.000000,10.000000,0.000000,0.000000,0.000000,0,0,2,0,1,0,0,0
4,-68.564865,-0.001383,6.083276,0.400000,0.400000,0.400000,1.000000,1.000000,1.000000,1.000000,1.000000,0.300000,0.300000,0.300000,1.000000,26,1.000000,2.000000,1.000000,0.000000,-0.000000,0.000000,0,7,0,0.000000,0.000000,10.000000,0.000000,0.000000,0.000000,0,0,2,0,1,0,0,0
4,-76.811317,0.000006,16.363712,0.400000,0.400000,0.400000,1.000000,1.000000,1.000000,1.000000,1.000000,0.300000,0.300000,0.300000,1.000000,26,1.000000,0.700000,1.000000,0.000000,-0.000000,0.000000,0,7,0,0.000000,0.000000,10.000000,0.000000,0.000000,0.000000,0,0,2,0,1,0,0,0
4,-48.353760,0.009063,15.158015,0.400000,0.400000,0.400000,1.000000,1.000000,1.000000,1.000000,1.000000,0.300000,0.300000,0.300000,1.000000,26,1.000000,0.500000,1.000000,0.000000,-0.000000,0.000000,0,7,0,736420789795710205659791228928.000000,0.000000,10.000000,0.000000,0.000000,0.000000,0,0,2,0,1,0,0,0
4,-60.189240,0.000000,-2.641897,0.400000,0.400000,0.400000,1.000000,1.000000,1.000000,1.000000,1.000000,0.300000,0.300000,0.300000,1.000000,26,1.000000,3.500000,1.000000,0.000000,-0.000000,0.000000,0,7,0,736365179208007932717754744832.000000,0.000000,10.000000,0.000000,7.277000,0.000000,0,0,2,0,1,0,0,0
4,-89.600067,0.000000,19.658396,0.400000,0.400000,0.400000,1.000000,1.000000,1.000000,1.000000,1.000000,0.300000,0.300000,0.300000,1.000000,26,1.000000,3.500000,1.000000,0.000000,-0.000000,0.000000,0,7,0,0.223050,0.289004,10.000000,0.000000,7.277000,0.000000,0,0,2,0,1,0,0,0
4,-122.189323,0.000006,-7.526495,0.400000,0.400000,0.400000,1.000000,1.000000,1.000000,1.000000,1.000000,0.300000,0.300000,0.300000,1.000000,26,1.000000,1.700000,1.000000,0.000000,-0.000000,0.000000,0,7,0,0.740025,0.607322,10.000000,0.000000,0.000000,0.000000,0,0,2,0,1,0,0,0
4,-136.204361,0.001093,17.333893,0.400000,0.400000,0.400000,1.000000,1.000000,1.000000,1.000000,1.000000,0.300000,0.300000,0.300000,1.000000,26,0.999500,2.498578,0.999992,0.000000,40.000000,90.000000,6,7,0,-0.952719,-0.956549,10.000000,-3.897000,2.347000,3.662000,0,0,2,0,1,0,0,0
4,-129.522263,-0.000004,22.619030,0.400000,0.400000,0.400000,1.000000,1.000000,1.000000,1.000000,1.000000,0.300000,0.300000,0.300000,1.000000,26,1.000000,1.000000,1.000000,0.000000,-0.000000,0.000000,0,7,0,0.632562,0.093835,10.000000,0.000000,0.000000,0.000000,0,0,2,0,1,0,0,0
4,-54.292824,-0.001383,6.083276,0.400000,0.400000,0.400000,1.000000,1.000000,1.000000,1.000000,1.000000,0.300000,0.300000,0.300000,1.000000,26,1.000000,2.000000,1.000000,0.000000,-0.000000,0.000000,0,7,0,0.288901,-0.952376,10.000000,0.000000,0.000000,0.000000,0,0,2,0,1,0,0,0
4,2.726460,-0.381872,-16.653357,0.800000,0.800000,0.800000,1.000000,1.100000,1.100000,1.100000,1.000000,0.100000,0.100000,0.100000,1.000000,43,0.594051,0.523000,0.990304,0.000000,180.000000,0.000000,3,7,0,0.631368,-0.076131,42.000000,0.000000,24.891001,-19.239000,0,0,1,0,1,0,0,0
4,-43.339775,-3.137912,144.056656,0.000000,0.000000,0.000000,1.000000,0.900000,0.900000,0.900000,1.000000,0.000000,0.000000,0.000000,1.000000,31,2.310275,4.000000,1.184880,0.000000,-0.000000,0.000000,0,7,0,-0.097551,0.279015,10.000000,0.000000,0.000000,0.000000,0,0,2,0,1,0,0,0
4,14.287693,0.000004,133.965332,0.200000,0.200000,0.200000,1.000000,0.700000,0.700000,0.700000,1.000000,0.100000,0.100000,0.100000,1.000000,30,2.900000,2.000000,3.950000,0.000000,0.000000,0.000000,0,7,0,-431602080.000000,-431602080.000000,40.000000,0.000000,5.053000,0.000000,0,0,2,0,1,0,0,0
4,-1.338075,-0.000013,165.156387,0.800000,0.800000,0.800000,1.000000,1.100000,1.100000,1.100000,1.000000,0.100000,0.100000,0.100000,1.000000,43,0.500000,0.520000,0.421291,0.000000,0.000000,0.000000,3,7,0,-431602080.000000,-431602080.000000,40.000000,0.000000,27.934999,0.000000,0,0,1,0,1,0,0,0
4,-72.479248,0.204262,118.699997,0.200000,0.200000,0.200000,1.000000,0.700000,0.700000,0.700000,1.000000,0.100000,0.100000,0.100000,1.000000,30,2.310000,1.000000,1.000000,0.000000,-0.000000,0.000000,3,7,0,-431602080.000000,-431602080.000000,33.659000,0.000000,11.016000,0.000000,0,0,1,0,1,0,0,0
4,-88.019341,0.204262,118.699997,0.200000,0.200000,0.200000,1.000000,0.700000,0.700000,0.700000,1.000000,0.100000,0.100000,0.100000,1.000000,30,1.050000,1.000000,1.000000,0.000000,-0.000000,0.000000,3,7,0,-431602080.000000,-431602080.000000,33.659000,0.000000,11.016000,0.000000,0,0,1,0,1,0,0,0
4,-61.060303,5.078484,118.685707,0.800000,0.800000,0.800000,1.000000,1.100000,1.100000,1.100000,1.000000,0.100000,0.100000,0.100000,1.000000,52,0.299645,0.160000,2.551256,0.000000,-0.000000,0.000000,0,7,0,-431602080.000000,-431602080.000000,44.000000,0.000000,0.000000,0.000000,0,0,1,0,1,0,0,0
4,-82.030609,0.204262,118.699997,0.200000,0.200000,0.200000,1.000000,0.700000,0.700000,0.700000,1.000000,0.100000,0.100000,0.100000,1.000000,30,1.050000,1.000000,1.000000,0.000000,-0.000000,0.000000,3,7,0,-431602080.000000,-431602080.000000,33.659000,0.000000,11.016000,0.000000,0,0,1,0,1,0,0,0
4,-51.022110,0.000002,128.651657,0.200000,0.200000,0.200000,1.000000,0.700000,0.700000,0.700000,1.000000,0.100000,0.100000,0.100000,1.000000,30,2.589589,6.970000,2.495533,0.000000,89.999985,0.000000,0,7,0,-431602080.000000,-431602080.000000,37.073002,0.000000,11.016000,0.000000,0,0,1,0,1,0,0,0
4,-31.761473,-0.001353,74.868217,0.200000,0.200000,0.200000,1.000000,0.700000,0.700000,0.700000,1.000000,0.100000,0.100000,0.100000,1.000000,30,1.958808,2.200000,2.000000,0.000000,-0.000000,0.000000,0,7,0,-431602080.000000,-431602080.000000,40.000000,0.000000,0.000000,0.000000,0,0,1,0,1,0,0,0
4,-18.421902,0.003244,141.970490,0.200000,0.200000,0.200000,1.000000,0.700000,0.700000,0.700000,1.000000,0.100000,0.100000,0.100000,1.000000,30,1.006961,2.000000,1.039000,0.000000,-0.000000,0.000000,0,7,0,-431602080.000000,-431602080.000000,19.024000,0.000000,0.000000,0.000000,0,0,1,0,1,0,0,0
4,-18.421902,-0.000002,147.239014,0.200000,0.200000,0.200000,1.000000,0.700000,0.700000,0.700000,1.000000,0.100000,0.100000,0.100000,1.000000,30,1.006961,2.000000,1.005000,0.000000,-0.000000,0.000000,0,7,0,-431602080.000000,-431602080.000000,19.024000,0.000000,0.000000,0.000000,0,0,1,0,1,0,0,0
4,-24.161482,-0.000002,141.855453,0.200000,0.200000,0.200000,1.000000,0.700000,0.700000,0.700000,1.000000,0.100000,0.100000,0.100000,1.000000,30,1.006961,2.000000,1.005000,0.000000,-0.000000,0.000000,0,7,0,0.000000,0.000000,19.024000,0.000000,0.000000,0.000000,0,0,1,0,1,0,0,0
4,-24.147589,-0.000002,154.917145,0.200000,0.200000,0.200000,1.000000,0.700000,0.700000,0.700000,1.000000,0.100000,0.100000,0.100000,1.000000,30,1.006961,2.000000,4.075658,0.000000,-0.000000,0.000000,0,7,0,0.000000,0.000000,19.024000,0.000000,0.000000,0.000000,0,0,0,0,1,0,0,0
4,-131.057373,0.000006,152.988754,0.200000,0.200000,0.200000,1.000000,0.700000,0.700000,0.700000,1.000000,0.100000,0.100000,0.100000,1.000000,30,1.999111,3.000000,1.899111,0.000000,180.000000,0.000000,0,7,0,0.000000,0.000000,20.813000,0.000000,0.000000,0.000000,0,0,2,0,1,0,0,0
4,-155.291168,0.000009,141.186081,0.200000,0.200000,0.200000,1.000000,0.700000,0.700000,0.700000,1.000000,0.100000,0.100000,0.100000,1.000000,30,0.996156,2.999941,1.494264,0.000000,-0.000014,0.000000,0,7,0,0.000000,0.000000,14.783000,0.000000,11.870000,0.000000,0,0,2,0,1,0,0,0
4,-71.873970,0.000000,79.410393,1.500000,1.500000,1.500000,0.935000,0.500000,0.500000,0.500000,1.000000,0.420000,0.420000,0.420000,1.000000,40,1.000000,1.000000,1.000000,0.000000,0.000000,0.000000,0,7,0,0.000000,0.000000,10.000000,0.000000,0.000000,0.000000,1,0,1,0,1,0,0,0
4,-57.849602,31.570164,132.201614,0.640000,0.640000,0.640000,1.000000,1.000000,1.000000,1.000000,1.000000,0.500000,0.500000,0.500000,1.000000,55,0.200000,0.200000,0.200000,0.000000,0.000000,0.000000,3,7,1,0.000000,0.000000,10.000000,0.000000,0.000000,0.000000,0,1,0,0,0,0,0,0
4,-64.666603,28.530306,132.693100,0.640000,0.640000,0.640000,1.000000,1.000000,1.000000,1.000000,1.000000,0.500000,0.500000,0.500000,1.000000,55,0.160000,0.120000,0.120000,0.000000,0.000000,0.000000,3,7,0,0.000000,0.000000,10.000000,0.000000,0.000000,0.000000,0,1,0,0,0,0,0,0
4,-61.066650,23.211679,129.718201,0.000000,0.000000,0.000000,1.000000,0.900000,0.900000,0.900000,1.000000,0.000000,0.000000,0.000000,1.000000,31,1.200000,7.970000,1.200000,0.000000,-0.000000,0.000000,3,7,0,0.000000,0.000000,35.652000,0.000000,16.707001,0.000000,0,0,2,0,1,0,0,0
4,-67.382927,23.972261,144.078018,0.000000,0.000000,0.000000,1.000000,0.900000,0.900000,0.900000,1.000000,0.000000,0.000000,0.000000,1.000000,31,1.200000,4.497245,1.200000,0.000000,-0.000000,0.000000,3,7,0,0.000000,0.000000,18.695999,0.000000,0.000000,0.000000,0,0,2,0,1,0,0,0
4,-64.405106,14.289698,146.060516,0.200000,0.200000,0.200000,1.000000,0.700000,0.700000,0.700000,1.000000,0.100000,0.100000,0.100000,1.000000,30,2.500000,2.000000,1.000000,0.000000,0.000000,0.000000,3,7,0,512.000000,384.000000,15.652000,0.000000,0.000000,0.000000,0,0,1,0,1,0,0,0
4,-60.679394,24.471998,143.687576,0.000000,0.000000,0.000000,1.000000,0.900000,0.900000,0.900000,1.000000,0.000000,0.000000,0.000000,1.000000,31,1.400000,7.190000,1.400000,0.000000,-0.000000,0.000000,0,7,0,0.000000,0.000000,34.783001,0.000000,16.707001,0.000000,0,0,2,0,1,0,0,0
4,-62.425423,23.557482,146.630661,0.640000,0.640000,0.640000,1.000000,1.000000,1.000000,1.000000,1.000000,0.500000,0.500000,0.500000,1.000000,55,0.912275,0.366545,0.200000,0.000000,0.000000,0.000000,3,7,1,0.000000,0.000000,10.000000,0.000000,0.000000,0.000000,0,1,0,0,0,0,0,0
4,-58.054245,30.004463,146.571060,0.640000,0.640000,0.640000,1.000000,1.000000,1.000000,1.000000,1.000000,0.500000,0.500000,0.500000,1.000000,55,0.300000,0.279401,0.200000,0.000000,-0.000000,0.000000,3,7,1,111269463215923332644864.000000,111316156536859909947392.000000,10.000000,0.000000,0.000000,0.000000,0,1,0,0,0,0,0,0
4,-1.338085,92.462082,165.156387,0.800000,0.800000,0.800000,1.000000,1.100000,1.100000,1.100000,1.000000,0.100000,0.100000,0.100000,1.000000,43,0.498315,0.399214,0.421291,0.000000,-0.000000,180.000000,3,7,0,0.000000,0.000000,40.000000,0.000000,-20.000000,0.000000,0,0,1,0,1,0,0,0
4,-28.548517,92.138870,146.341431,0.800000,0.800000,0.800000,1.000000,1.100000,1.100000,1.100000,1.000000,0.100000,0.100000,0.100000,1.000000,52,0.322605,0.209003,3.097692,0.000000,89.999947,180.000000,3,7,0,0.000000,0.000000,50.000000,0.000000,-14.293000,0.000000,0,0,1,0,1,0,0,0
4,21.750353,92.449883,145.035889,0.800000,0.800000,0.800000,1.000000,1.100000,1.100000,1.100000,1.000000,0.100000,0.100000,0.100000,1.000000,43,0.995577,0.399184,0.993734,0.000000,89.999992,180.000000,3,7,0,0.000000,0.000000,51.000000,20.707001,-15.435000,-4.022000,0,0,0,0,1,0,0,0
4,21.448563,92.448997,65.941948,0.800000,0.800000,0.800000,1.000000,1.100000,1.100000,1.100000,1.000000,0.100000,0.100000,0.100000,1.000000,43,0.598562,0.399537,0.997537,0.000000,89.999977,180.000000,0,7,0,0.000000,0.000000,40.000000,5.489000,-20.000000,0.000000,0,0,0,0,1,0,0,0
4,21.368193,92.448997,6.453548,0.800000,0.800000,0.800000,1.000000,1.100000,1.100000,1.100000,1.000000,0.100000,0.100000,0.100000,1.000000,43,0.598189,0.399633,0.997158,0.000000,89.999985,180.000000,0,7,0,0.000000,0.000000,40.000000,20.326000,-20.000000,0.000000,0,0,0,0,1,0,0,0
4,2.726460,92.365311,-16.653357,0.800000,0.800000,0.800000,1.000000,1.100000,1.100000,1.100000,1.000000,0.100000,0.100000,0.100000,1.000000,43,0.596425,0.399408,0.992400,180.000000,-0.000014,0.000000,3,7,0,0.000000,0.000000,42.000000,0.000000,-20.000000,-19.239000,0,0,1,0,1,0,0,0
4,-168.951950,-0.286081,32.420895,0.800000,0.800000,0.800000,1.000000,1.100000,1.100000,1.100000,1.000000,0.100000,0.100000,0.100000,1.000000,43,0.999094,0.400000,0.999094,0.000000,270.000000,0.000000,3,7,0,-0.000000,-0.000000,70.000000,-20.000000,37.445999,-6.685000,0,0,1,0,1,0,0,0
4,-168.951950,-0.286102,127.403618,0.800000,0.800000,0.800000,1.000000,1.100000,1.100000,1.100000,1.000000,0.100000,0.100000,0.100000,1.000000,43,0.900526,0.399989,0.998279,0.000000,-89.999992,0.000000,3,7,0,-0.000000,-0.000000,60.000000,-20.000000,37.445999,-6.685000,0,0,1,0,1,0,0,0
4,-169.070007,92.689751,32.420895,0.800000,0.800000,0.800000,1.000000,1.100000,1.100000,1.100000,1.000000,0.100000,0.100000,0.100000,1.000000,43,0.996546,0.524731,0.996512,0.000000,-89.999992,180.000000,3,7,0,0.000000,0.000000,80.000000,-20.000000,-20.000000,-6.685000,0,0,1,0,1,0,0,0
4,-169.073761,92.535408,127.220619,0.800000,0.800000,0.800000,1.000000,1.100000,1.100000,1.100000,1.000000,0.100000,0.100000,0.100000,1.000000,43,0.899561,0.524127,0.997478,0.000000,-89.999985,180.000000,0,7,0,640.000000,512.000000,60.000000,-20.000000,-8.207000,-6.685000,0,0,0,0,1,0,0,0
4,-132.981461,92.394844,170.529297,0.800000,0.800000,0.800000,1.000000,1.100000,1.100000,1.100000,1.000000,0.100000,0.100000,0.100000,1.000000,52,0.426061,0.162304,0.600000,0.000000,-0.000000,180.000000,0,7,0,0.000000,0.000000,82.000000,32.500000,31.739000,13.859000,0,0,0,0,1,0,0,0
4,-88.718254,92.111565,149.151382,0.800000,0.800000,0.800000,1.000000,1.100000,1.100000,1.100000,1.000000,0.100000,0.100000,0.100000,1.000000,52,0.279082,0.161673,2.292167,0.000000,89.999992,180.000000,3,7,0,-15.579136,0.000000,42.000000,0.000000,-2.120000,0.000000,0,0,1,0,1,0,0,0
4,-66.913635,-0.154107,-17.412601,0.800000,0.800000,0.800000,1.000000,1.100000,1.100000,1.100000,1.000000,0.100000,0.100000,0.100000,1.000000,43,0.801641,0.420000,0.982611,0.000000,180.000000,0.000000,3,7,0,0.000000,0.000000,50.000000,2.446000,19.565001,-20.000000,0,0,1,0,1,0,0,0
4,-144.075287,-0.935696,-17.412601,0.800000,0.800000,0.800000,1.000000,1.100000,1.100000,1.100000,1.000000,0.100000,0.100000,0.100000,1.000000,43,0.741406,0.420000,0.981300,180.000000,-0.000014,180.000000,3,7,0,0.000000,0.000000,50.000000,2.446000,19.565001,-20.000000,0,0,1,0,1,0,0,0
4,-67.471001,93.083961,-17.412601,0.800000,0.800000,0.800000,1.000000,1.100000,1.100000,1.100000,1.000000,0.100000,0.100000,0.100000,1.000000,43,0.790000,0.508485,0.978761,180.000000,-0.000014,0.000000,3,7,0,0.000000,0.000000,50.000000,2.446000,-19.620001,-20.000000,0,0,1,0,1,0,0,0
4,-144.319000,92.484535,-17.412601,0.800000,0.800000,0.800000,1.000000,1.100000,1.100000,1.100000,1.000000,0.100000,0.100000,0.100000,1.000000,43,0.747552,0.508808,0.982313,-179.999985,-0.000014,0.000000,3,7,0,0.000000,0.000000,50.000000,2.446000,-19.620001,-20.000000,0,0,1,0,1,0,0,0
4,-27.233999,92.198151,5.262900,0.800000,0.800000,0.800000,1.000000,1.100000,1.100000,1.100000,1.000000,0.100000,0.100000,0.100000,1.000000,52,0.300147,0.254323,0.999462,0.000000,89.999947,180.000000,3,7,1,0.000000,0.000000,40.000000,0.000000,-20.000000,0.000000,0,0,1,0,1,0,0,0
4,-59.668453,14.610220,168.974365,0.800000,0.800000,0.800000,1.000000,1.100000,1.100000,1.100000,1.000000,0.100000,0.100000,0.100000,1.000000,43,0.571513,0.500000,0.500000,0.000000,0.000000,0.000000,3,7,0,-0.000000,-0.000000,40.000000,0.000000,21.087000,23.750000,0,0,1,0,1,0,0,0
4,-59.668453,92.449554,168.974365,0.800000,0.800000,0.800000,1.000000,1.100000,1.100000,1.100000,1.000000,0.100000,0.100000,0.100000,1.000000,43,0.570457,0.273850,0.500000,0.000000,-0.000000,180.000000,3,7,0,0.000000,-4685076365312.000000,40.000000,0.000000,-15.815000,23.750000,0,0,1,0,1,0,0,0
4,-47.582748,9.905740,73.741287,0.640000,0.640000,0.640000,1.000000,1.000000,1.000000,1.000000,1.000000,0.500000,0.500000,0.500000,1.000000,59,0.930000,0.930000,0.930000,0.000000,0.000000,0.000000,5,5,1,-0.399427,0.000000,7.609000,0.000000,0.000000,0.000000,0,0,0,0,0,0,0,0
4,-29.949823,11.241629,80.626526,0.640000,0.640000,0.640000,1.000000,1.000000,1.000000,1.000000,1.000000,0.500000,0.500000,0.500000,1.000000,59,0.999716,1.000000,0.999716,0.000000,90.000000,0.000000,5,5,1,0.000000,0.000000,4.565000,0.000000,3.207000,0.000000,0,0,0,0,0,0,0,0
4,-69.190201,11.260545,85.922394,0.640000,0.640000,0.640000,1.000000,1.000000,1.000000,1.000000,1.000000,0.500000,0.500000,0.500000,1.000000,59,1.050000,1.050000,1.050000,0.000000,30.000000,0.000000,5,5,1,0.000000,0.000000,5.435000,0.000000,3.207000,0.000000,0,0,0,0,0,0,0,0
4,-147.491302,0.000000,133.654694,0.640000,0.640000,0.640000,1.000000,1.000000,1.000000,1.000000,1.000000,0.500000,0.500000,0.500000,1.000000,65,1.000000,1.000000,1.000000,0.000000,0.000000,0.000000,5,5,1,-0.000032,0.000000,10.000000,0.000000,0.000000,0.000000,0,0,0,0,0,0,0,0
4,-140.865753,0.000004,147.995636,0.640000,0.640000,0.640000,1.000000,1.000000,1.000000,1.000000,1.000000,0.500000,0.500000,0.500000,1.000000,65,1.000000,1.000000,1.000000,0.000000,0.000000,0.000000,5,5,1,-79763144913967797764096.000000,-0.000124,10.000000,0.000000,0.000000,0.000000,0,0,0,0,0,0,0,0
4,-18.743238,10.220581,158.853333,0.640000,0.640000,0.640000,1.000000,1.000000,1.000000,1.000000,1.000000,0.500000,0.500000,0.500000,1.000000,46,0.480220,1.000000,1.000000,0.000000,0.000000,0.000000,5,5,0,-79762856683591646052352.000000,-0.000219,17.608999,0.924000,-2.120000,0.000000,0,0,0,0,0,0,0,0
4,-154.715195,0.000009,93.276581,0.640000,0.640000,0.640000,1.000000,1.000000,1.000000,1.000000,1.000000,0.500000,0.500000,0.500000,1.000000,57,1.000000,1.000000,1.000000,0.000000,0.000000,0.000000,5,5,1,0.000000,0.000000,6.087000,0.000000,0.000000,0.000000,0,0,0,0,0,0,0,0
4,14.056206,-0.000002,93.377235,1.533000,1.641000,1.739000,0.446000,0.196000,0.348000,1.000000,1.000000,0.500000,0.500000,0.500000,1.000000,72,3.010000,3.010000,3.010000,0.000000,0.000000,0.000000,5,5,1,0.000000,0.000000,16.087000,0.000000,11.196000,0.000000,0,0,0,0,0,1,0,0
4,-70.468933,21.525946,141.281296,0.640000,0.640000,0.640000,1.000000,1.000000,1.000000,1.000000,1.000000,0.500000,0.500000,0.500000,1.000000,55,0.150000,0.150000,0.150000,0.000000,0.000000,0.000000,3,7,0,-0.000000,-0.000000,4.868000,0.000000,0.000000,0.000000,0,1,0,0,0,0,0,0
4,-63.871719,27.905779,141.279510,0.640000,0.640000,0.640000,1.000000,1.000000,1.000000,1.000000,1.000000,0.500000,0.500000,0.500000,1.000000,55,0.150000,0.150000,0.150000,0.000000,-0.000000,0.000000,3,7,0,-0.000000,-0.000000,4.868000,0.000000,0.000000,0.000000,0,1,0,0,0,0,0,0
4,-27.191978,-0.565899,8.445557,0.600000,0.600000,0.600000,1.000000,1.000000,1.000000,1.000000,1.000000,0.500000,0.500000,0.500000,1.000000,52,0.269734,0.210000,0.950546,0.000000,90.000000,0.000000,0,7,1,0.000000,0.000000,50.000000,6.630000,13.478000,1.304000,0,0,1,0,1,0,0,0
4,-88.824959,37.038422,123.135986,0.600000,0.600000,0.600000,1.000000,1.000000,1.000000,1.000000,1.000000,0.500000,0.500000,0.500000,1.000000,55,0.238285,1.355181,0.221471,0.000000,0.000000,0.000000,3,5,1,0.000000,0.000000,14.815000,0.000000,13.333000,0.000000,0,1,0,0,0,0,0,0
4,-28.548517,0.002724,146.341431,0.800000,0.800000,0.800000,1.000000,1.100000,1.100000,1.100000,1.000000,0.100000,0.100000,0.100000,1.000000,52,0.322487,0.290591,3.095814,180.000000,-90.000000,180.000000,3,7,0,-431602080.000000,-431602080.000000,50.000000,0.000000,-14.293000,0.000000,0,0,1,0,1,0,0,0
4,-42.685440,-6.797822,147.046234,0.000000,0.000000,0.000000,1.000000,0.900000,0.900000,0.900000,1.000000,0.000000,0.000000,0.000000,1.000000,31,1.023750,11.724551,1.023750,0.000000,-0.000000,0.000000,0,7,0,-431602080.000000,-431602080.000000,23.542000,0.000000,0.000000,0.000000,0,0,2,0,1,0,0,0
4,-44.653725,3.499847,142.538513,0.600000,0.600000,0.600000,1.000000,1.000000,1.000000,1.000000,1.000000,0.500000,0.500000,0.500000,1.000000,55,0.325039,0.210000,0.093452,0.000000,0.000000,0.000000,3,5,0,-431602080.000000,-431602080.000000,19.052561,0.000000,10.010171,0.000000,0,1,0,0,0,0,0,0
4,-58.586666,24.833675,126.739296,0.640000,0.640000,0.640000,1.000000,1.000000,1.000000,1.000000,1.000000,0.500000,0.500000,0.500000,1.000000,55,0.160000,0.534824,0.120000,0.000000,-0.000000,0.000000,3,5,0,-431602080.000000,-431602080.000000,10.000000,0.000000,0.000000,0.000000,0,1,0,0,0,0,0,0
4,-36.616558,36.620907,118.739967,0.600000,0.600000,0.600000,1.000000,1.000000,1.000000,1.000000,1.000000,0.500000,0.500000,0.500000,1.000000,37,0.682620,1.752996,0.999299,0.000000,90.000000,0.000000,0,5,0,-431602080.000000,-431602080.000000,9.451846,0.000003,3.627338,-1.143261,0,0,2,0,0,0,0,0
8,-4.823488,35.585789,158.849091,0.000000,0.000000,0.000000,2
5,3,15.013062,0.000005,95.418213,9.993606,10.000000,9.993606,0.000000,-89.257652,0.000000,28.042999,-15.435000,-11.250000,-8.207000,1.700000,0.000000,0.500000,0.000000,1,240,2,10,0.000000,0.000000,0.000000,0.000000,0.000000,0.000000,0.000000,0.000000,0.000000,1,0,T,15.013062,0.000005,95.418213,T,-14.986938,0.000005,95.418213,T,-14.986938,0.000005,77.812210
5,2,13.366342,10.220591,156.045883,9.986484,10.000000,9.986484,-0.000000,179.998337,0.000000,0.000000,7.011000,2.000000,-12.011000,1.700000,0.000000,0.500000,0.000000,1,240,2,10,14.674000,13.043000,46.195999,0.000000,0.000000,0.000000,0.543000,0.000000,-8.696000,1,0,T,13.366342,10.220591,156.045883,T,13.366342,10.220591,132.806885
5,3,-104.971001,-0.000008,88.772179,10.019448,10.000000,10.019448,0.000000,-177.485748,0.000000,28.261000,3.207000,-3.261000,-2.500000,1.700000,0.000000,0.500000,0.000000,1,1200,2,10,0.000000,0.000000,0.000000,0.000000,0.000000,0.000000,0.000000,0.000000,0.000000,0,0,T,-104.971001,-0.000008,64.687180,T,-87.688004,-0.000008,94.642181,T,-104.971001,-0.000008,103.772179
5,2,-147.192719,0.000010,64.971260,10.019967,10.000000,10.019967,-0.000000,-89.678696,0.000000,17.174000,0.000000,2.000000,0.000000,1.700000,0.000000,0.500000,0.000000,1,600,2,10,0.000000,0.000000,0.000000,0.000000,0.000000,0.000000,0.000000,0.000000,0.000000,1,0,T,-144.380722,0.000010,71.221260,T,-160.009720,0.000010,71.309258
5,2,-164.211472,-0.000002,48.698318,9.989066,10.000000,9.989066,-0.000000,89.994438,0.000000,21.957001,10.054000,-4.022000,0.000000,1.700000,0.000000,0.500000,0.000000,1,600,2,10,0.000000,0.000000,0.000000,0.000000,0.000000,0.000000,0.000000,0.000000,0.000000,1,0,T,-164.211472,-0.000002,48.698318,T,-143.788467,-0.000002,48.698318
5,3,-109.996651,-0.000002,51.529861,10.002621,10.000000,10.002621,-0.000000,99.020706,0.000000,21.739000,15.000000,2.000000,9.674000,1.700000,0.000000,0.500000,0.000000,1,1200,2,10,0.000000,0.000000,0.000000,0.000000,0.000000,0.000000,0.000000,0.000000,0.000000,0,0,T,-109.996651,-0.000002,51.529861,T,-79.996651,-0.000002,51.529861,T,-87.602654,-0.000002,74.768860
5,2,-106.124535,-0.000002,-10.169806,9.985790,10.000000,9.985790,0.000000,-0.000000,0.000000,15.000000,0.000000,-3.261000,7.391000,1.700000,0.000000,0.500000,0.000000,1,1200,2,10,0.000000,0.000000,0.000000,0.000000,0.000000,0.000000,0.000000,0.000000,0.000000,1,0,T,-106.124535,-0.000002,-10.169806,T,-106.124535,-0.000002,6.309195
5,4,-67.463417,-0.000013,25.624720,9.999162,10.000000,9.999162,-0.000000,43.047203,0.000000,19.565001,11.957000,-3.641000,-11.250000,1.700000,0.000000,0.500000,0.000000,1,1200,2,10,0.000000,0.000000,0.000000,0.000000,0.000000,0.000000,0.000000,0.000000,0.000000,1,0,T,-67.463417,-0.000013,25.624720,T,-67.463417,-0.000013,12.807719,T,-56.618416,-0.000013,11.399719,T,-44.224419,-0.000013,25.624720
5,2,-57.179321,0.000004,-10.475901,9.984664,10.000000,9.984664,-0.000000,-90.051910,0.000000,17.391001,-16.576000,-2.120000,3.587000,1.700000,0.000000,0.500000,0.000000,1,1200,0,0,0.000000,0.000000,0.000000,0.000000,0.000000,0.000000,0.000000,0.000000,0.000000,1,0,T,-57.179321,0.000004,-10.475901,T,-87.179321,0.000004,-10.475901
5,2,-147.493057,-0.000004,116.074890,9.986850,10.000000,9.986850,0.000000,-111.717453,0.000000,19.348000,8.152000,-7.826000,11.196000,1.700000,0.000000,0.500000,0.000000,1,1200,2,10,0.000000,0.000000,0.000000,0.000000,0.000000,0.000000,0.000000,0.000000,0.000000,1,0,T,-147.493057,-0.000004,116.074890,T,-130.169052,-0.141004,131.426895
5,2,-130.867722,15.330862,154.273315,9.982549,10.000000,9.982549,0.000000,-16.148922,0.000000,0.000000,0.000000,2.000000,-1.739000,1.700000,0.000000,0.500000,0.000000,1,1200,2,10,10.326000,27.174000,19.021999,-0.543000,0.000000,0.000000,0.000000,0.000000,-6.522000,0,1,T,-130.867722,15.330862,154.273315,T,-130.867722,15.330862,140.893311
5,2,-155.470474,15.330872,149.758560,9.975938,10.000000,9.975938,0.000000,-0.000000,0.000000,0.000000,0.000000,0.543000,-1.739000,1.700000,0.000000,0.500000,0.000000,1,1200,2,10,4.348000,20.652000,19.565001,0.000000,0.000000,0.000000,0.000000,6.522000,-2.174000,0,1,T,-155.470474,15.330872,154.688553,T,-155.470474,15.330872,139.758560
5,2,-108.945175,0.000000,145.091843,9.993437,10.000000,9.993437,-0.000000,0.004389,0.000000,21.304001,2.446000,-10.489000,-13.533000,1.700000,0.000000,0.500000,0.000000,1,1200,2,10,0.000000,0.000000,0.000000,0.000000,0.000000,0.000000,0.000000,0.000000,0.000000,1,0,T,-108.945175,0.000000,141.504837,T,-108.945175,0.000000,120.634842
6,-68.496582,30.950764,144.013245,9.993782,10.000000,9.993782,-0.000000,-99.999725,0.000000,13.261000,-5.924000,0.924000,-8.587000,0,0,2,100
5,2,-39.661381,15.330864,157.956726,9.984679,10.000000,9.984679,-0.000000,89.999954,0.000000,0.000000,-10.870000,-5.924000,6.250000,1.700000,0.000000,0.500000,0.000000,1,1200,0,0,35.185001,25.542999,15.608000,0.000000,0.000000,0.000000,-11.376000,0.000000,0.000000,0,0,T,-39.661381,15.330864,157.956726,T,-61.774384,15.330864,157.956726
5,2,-79.031509,24.529375,123.041779,9.976208,10.000000,9.976208,0.000000,-0.000000,0.000000,0.000000,-8.587000,-3.641000,17.283001,1.700000,0.000000,0.500000,0.000000,1,1200,0,0,14.674000,17.934999,50.000000,0.000000,0.000000,0.000000,-0.543000,7.065000,23.370001,0,0,T,-79.031509,24.529375,123.041779,T,-79.031509,24.529375,153.041779
5,2,-68.035347,11.242645,80.373314,9.973970,10.000000,9.973970,-0.000000,89.999954,0.000000,0.000000,16.902000,-0.598000,0.000000,1.700000,0.000000,0.500000,0.000000,1,1200,2,10,47.826000,18.478001,15.761000,0.543000,0.000000,0.000000,16.848000,5.978000,-0.435000,0,1,T,-68.035347,11.242645,80.373314,T,-43.105347,11.383645,80.373314
6,-158.360367,7.765465,58.051064,9.993574,10.000000,9.993574,-0.000000,89.999489,0.000000,28.042999,0.000000,2.000000,0.000000,0,0,3,0
6,-68.780556,30.950783,130.571625,9.993471,10.000000,9.993471,-0.000000,-89.999489,0.000000,15.217000,-7.826000,-5.543000,0.000000,0,0,2,100
6,-61.602299,35.593388,129.753281,9.997566,10.000000,9.997566,0.000000,-89.999489,0.000000,18.261000,0.000000,-8.207000,0.000000,0,0,2,100
6,-62.095821,35.593395,144.265625,9.989452,10.000000,9.989452,0.000000,-89.999489,0.000000,18.913000,-0.217000,-4.783000,-15.054000,0,0,2,100
7,3,-86.157974,0.000002,0.683800,15.999997,16.000000,15.999997,-0.000000,37.971066,0.000000,1.600000,0.000000,1.700000,0.000000,1,600,2,100,T,-84.907974,0.000002,11.621799,T,-86.157974,0.000002,-14.003201,T,-75.219971,0.000002,0.683800
14,0.000000,18.000000,171.000000,