1,17.319996,62.182999,-21.932501
1,15.883216,62.182999,-17.525547
1,12.130492,62.182999,-14.804763
1,7.495239,62.182999,-14.809399
1,3.747967,62.182999,-17.537682
1,2.320004,62.182999,-21.947500
1,3.756785,62.182999,-26.354458
1,7.509505,62.182999,-29.075237
1,12.144759,62.182999,-29.070602
1,15.892032,62.182999,-26.342321
1,18.452995,62.182999,38.007999
1,16.920431,62.182999,42.708752
1,12.917526,62.182999,45.610920
1,7.973255,62.182999,45.605976
1,3.976165,62.182999,42.695808
1,2.453004,62.182999,37.992001
1,3.985571,62.182999,33.291245
1,7.988472,62.182999,30.389080
1,12.932744,62.182999,30.394024
1,16.929834,62.182999,33.304192
1,-7.402004,28.183001,-44.691002
1,-10.044407,28.183001,-38.329678
1,-16.411001,28.183001,-35.700005
1,-22.772322,28.183001,-38.342407
1,-25.401997,28.183001,-44.709000
1,-22.759594,28.183001,-51.070324
1,-16.393002,28.183001,-53.699997
1,-10.031677,28.183001,-51.057594
1,-27.884001,28.000000,-11.142000
1,-27.884001,28.000000,-7.197800
1,-27.884001,28.000000,-3.253600
1,-27.884001,28.000000,0.457936
1,-27.884001,28.000000,4.634801
1,-27.884001,28.000000,8.579000
1,-27.884001,28.000000,12.523201
1,-27.884001,28.000000,16.467400
1,-27.884001,28.000000,20.411602
1,-27.884001,28.000000,24.355799
1,24.299999,70.000000,-3.000000
1,24.299999,73.000000,15.950000
1,24.299999,79.000000,24.799999
1,23.837908,57.427692,22.614695
1,24.299999,61.000000,5.299432
1,55.700001,56.000000,107.500000
1,59.700001,56.000000,107.500000
1,55.700001,56.000000,110.500000
1,59.700001,56.000000,110.500000
1,57.400002,56.000000,108.500000
1,-8.120000,50.000000,108.023369
1,-7.500000,45.000000,93.733994
1,-5.500000,52.557068,83.633316
1,-6.100000,52.000000,70.000000
1,-6.100000,32.000000,65.574905
1,-7.500234,28.000000,54.534939
1,-7.080176,49.000000,55.599998
1,-7.100000,52.000000,38.299999
1,-7.479430,55.000000,19.302078
1,-5.834770,57.000000,-1.300000
1,-5.066824,39.461304,83.850510
1,53.906670,71.479889,-75.186165
1,47.986149,69.861382,-78.444572
1,52.299999,67.394386,-83.099998
1,55.685314,64.927040,-88.199997
1,49.294296,63.412304,-92.518555
1,33.650002,60.000000,-73.199997
1,-5.400000,52.000000,-52.690548
1,-4.000000,43.266087,-44.977699
1,-4.100000,48.000000,-40.000000
1,-19.230000,28.000000,7.800000
1,-10.230000,30.000000,7.800000
1,1.090000,43.000000,-10.250000
1,3.832000,43.000000,-10.250000
1,6.574000,43.000000,-10.250000
1,9.316001,43.000000,-10.250000
1,12.058001,43.000000,-10.250000
1,42.270000,61.820999,-93.199997
1,38.603333,61.820999,-93.199997
1,34.936668,61.820999,-93.199997
1,33.734180,61.821384,-83.331268
1,33.734001,61.820999,-86.700676
1,41.500000,59.786106,-7.900000
1,44.500000,59.785999,-7.900000
1,47.500000,59.785999,-7.900000
1,41.500000,63.356251,4.560000
1,44.500000,63.355999,4.560000
1,47.500000,63.355999,4.560000
1,42.500000,53.734001,17.500000
1,44.500000,53.734001,17.500000
1,46.500000,53.734261,17.500000
1,-2.717225,39.592136,7.538199
1,-2.717225,44.014839,7.538199
1,-2.717225,48.452015,7.538199
1,-2.717225,53.874630,7.538199
1,-2.717225,59.495174,7.538199
1,-2.717225,65.293999,7.538199
1,-2.717225,68.859192,7.538199
1,-2.717225,73.132629,7.538199
1,-58.247204,28.133654,95.462463
1,-49.878212,28.133654,95.462463
1,-37.646233,28.133654,95.462463
2,9.820000,62.182999,-21.940001,1.200000,1.200000,1.200000,1.000000,0.420000,0.420000,0.420000,1.000000,2.000000,2.000000,2.000000,1.000000,1
2,10.453000,62.182999,38.000000,1.200000,1.200000,1.200000,1.000000,0.420000,0.420000,0.420000,1.000000,2.000000,2.000000,2.000000,1.000000,1
2,8.200000,83.813698,-1.900000,1.200000,1.200000,1.200000,1.000000,0.420000,0.420000,0.420000,1.000000,2.000000,2.000000,2.000000,1.000000,1
3,45.355000,98.000000,95.129997,2.000000,2.000000,2.000000,1.000000,1.650000,1.650000,1.650000,1.000000,2.000000,2.000000,2.000000,1.000000,1
3,8.400000,89.558075,19.200001,2.000000,2.000000,2.000000,1.000000,1.650000,1.650000,1.650000,1.000000,2.000000,2.000000,2.000000,1.000000,1
3,54.009216,75.842079,-75.409782,2.000000,2.000000,2.000000,1.000000,1.650000,1.650000,1.650000,1.000000,2.000000,2.000000,2.000000,1.000000,1
3,-4.436000,45.759998,-53.759998,2.000000,2.000000,2.000000,1.000000,1.650000,1.650000,1.650000,1.000000,2.000000,2.000000,2.000000,1.000000,1
3,-7.258325,66.760002,7.300000,2.000000,2.000000,2.000000,1.000000,1.650000,1.650000,1.650000,1.000000,2.000000,2.000000,2.000000,1.000000,1
9,-4.105060,26.686960,8.201766,1.429000,2.000000,30.000000,0.000000,0.000000,-10.317000,0.000000,0.000000,0.000000
9,42.607147,61.278732,112.218658,28.413000,2.698000,3.016000,0.000000,0.000000,0.000000,0.000000,0.000000,0.000000
9,62.732536,59.866505,92.990753,3.651000,4.286000,30.000000,0.000000,0.000000,0.000000,0.000000,0.000000,0.000000
9,31.504204,70.749023,109.310837,2.000000,2.000000,2.000000,0.000000,0.000000,0.000000,0.000000,0.000000,0.000000
9,34.438839,73.853668,109.379814,2.000000,2.000000,2.000000,0.000000,0.000000,0.000000,0.000000,0.000000,0.000000
9,31.410095,76.360725,93.306702,3.016000,2.000000,3.968000,0.000000,0.000000,0.000000,0.000000,0.000000,0.000000
9,45.450134,85.582947,85.210892,4.921000,2.000000,3.968000,0.000000,0.000000,0.000000,0.000000,0.000000,0.000000
9,44.538391,50.314083,17.725437,6.825000,3.333000,3.651000,0.000000,0.000000,0.000000,0.000000,0.000000,0.000000
9,44.538391,58.544521,4.632269,11.905000,2.000000,5.238000,0.000000,0.000000,0.000000,0.000000,0.000000,0.000000
9,44.845356,55.127129,-7.980514,9.365000,2.000000,4.921000,0.000000,0.000000,0.000000,0.000000,0.000000,0.000000
9,-3.807827,26.134653,7.967715,3.016000,3.651000,30.000000,0.000000,0.000000,-13.810000,0.000000,0.000000,0.000000
12,-42.327446,29.912937,-45.943008,0.000000,45.000000,0.000000
4,0.000000,50.000000,0.000000,0.640000,0.640000,0.640000,1.000000,1.000000,1.000000,1.000000,1.000000,0.500000,0.500000,0.500000,1.000000,6,1.500000,1.500000,1.500000,0.000000,0.000000,0.000000,6,0,0,-431602080.000000,-431602080.000000,40.000000,-20.000000,-30.000000,-35.000000,0,0,1,0,0,0,0,0
4,-0.096278,50.000000,0.000000,0.640000,0.640000,0.640000,1.000000,1.000000,1.000000,1.000000,1.000000,0.500000,0.500000,0.500000,1.000000,7,1.500000,1.500000,1.500000,0.000000,0.000000,0.000000,0,7,0,-431602080.000000,-431602080.000000,32.592999,-30.000000,-30.000000,10.000000,0,0,1,0,0,0,0,0
4,0.000000,50.000000,0.000000,0.640000,0.640000,0.640000,1.000000,1.000000,1.000000,1.000000,1.000000,0.500000,0.500000,0.500000,1.000000,8,1.500000,1.500000,1.500000,0.000000,0.000000,0.000000,0,7,0,-431602080.000000,-431602080.000000,80.000000,-20.000000,-20.000000,80.000000,0,0,1,0,0,0,0,0
4,0.000000,50.000000,0.000000,0.000000,0.000000,0.000000,1.000000,1.000000,1.000000,1.000000,1.000000,0.500000,0.500000,0.500000,1.000000,9,1.500000,1.500000,1.500000,0.000000,0.000000,0.000000,0,7,0,-431602080.000000,-431602080.000000,35.979000,-40.000000,-20.000000,100.000000,0,0,0,0,1,0,0,0
4,0.000000,50.000000,0.000000,0.640000,0.640000,0.640000,1.000000,1.000000,1.000000,1.000000,1.000000,0.500000,0.500000,0.500000,1.000000,10,1.500000,1.500000,1.500000,0.000000,0.000000,0.000000,0,7,0,-431602080.000000,-431602080.000000,45.000000,-1.852000,0.000000,-30.000000,0,0,1,0,1,0,0,0
4,0.000000,50.000000,0.000000,0.640000,0.640000,0.640000,1.000000,1.000000,1.000000,1.000000,1.000000,0.500000,0.500000,0.500000,1.000000,11,1.500000,1.500000,1.500000,0.000000,0.000000,0.000000,0,7,0,-431602080.000000,-431602080.000000,70.000000,50.000000,0.000000,-35.000000,0,0,1,0,1,0,0,0
4,0.000000,50.000000,0.000000,0.640000,0.640000,0.640000,1.000000,1.000000,1.000000,1.000000,1.000000,0.500000,0.500000,0.500000,1.000000,12,1.500000,1.500000,1.500000,0.000000,0.000000,0.000000,0,7,0,-431602080.000000,-431602080.000000,30.052999,2.963000,-20.000000,-14.074000,0,0,1,0,0,0,1,0
4,0.000000,50.000000,0.000000,0.000000,0.000000,0.000000,0.000000,0.490000,0.469000,0.448000,1.000000,0.500000,0.500000,0.500000,1.000000,13,1.500000,1.500000,1.500000,0.000000,0.000000,0.000000,0,7,0,-431602080.000000,-431602080.000000,70.000000,39.630001,-8.148000,0.000000,0,0,1,0,1,0,0,0
4,0.000000,50.000000,0.000000,0.640000,0.640000,0.640000,1.000000,1.000000,1.000000,1.000000,1.000000,0.500000,0.500000,0.500000,1.000000,14,1.500000,1.500000,1.500000,0.000000,0.000000,0.000000,6,7,0,-431602080.000000,-431602080.000000,70.000000,27.407000,0.000000,80.000000,0,0,1,0,1,0,0,0
4,-0.019011,24.040678,0.061923,0.000000,0.000000,0.000000,2.000000,0.688000,0.708000,0.708000,1.000000,0.200000,0.200000,0.200000,1.000000,15,1.500000,1.500000,1.500000,0.000000,0.000000,0.000000,0,7,0,-431602080.000000,-431602080.000000,60.000000,10.741000,11.111000,4.444000,0,0,1,0,1,0,0,0
4,0.000000,50.000000,0.000000,0.640000,0.640000,0.640000,1.714000,1.300000,1.300000,1.300000,1.000000,0.500000,0.500000,0.500000,1.000000,4,1.500000,1.500000,1.500000,0.000000,0.000000,0.000000,0,6,0,-431602080.000000,-431602080.000000,0.000000,0.000000,0.000000,0.000000,1,0,1,0,1,0,0,0
4,-4.726289,26.679649,38.970024,0.100000,0.100000,0.100000,1.000000,1.000000,1.000000,1.000000,1.000000,0.500000,0.500000,0.500000,1.000000,26,3.029274,5.264866,3.559045,0.000000,0.000000,0.000000,0,7,1,-431602080.000000,-431602080.000000,15.158000,0.000000,12.053000,1.000000,0,0,2,0,1,0,0,0
4,-4.320232,40.988918,55.469707,0.100000,0.100000,0.100000,1.000000,1.000000,1.000000,1.000000,1.000000,0.500000,0.500000,0.500000,1.000000,26,2.091914,1.412988,2.152071,0.000000,0.000000,0.000000,0,5,0,-431602080.000000,-431602080.000000,11.789000,0.000000,2.474000,0.263000,0,0,2,0,1,0,0,0
4,-4.048399,43.267620,70.236862,0.100000,0.100000,0.100000,1.000000,1.000000,1.000000,1.000000,1.000000,0.500000,0.500000,0.500000,1.000000,26,2.580000,1.481501,2.580000,0.000000,0.000000,0.000000,0,5,0,-431602080.000000,-431602080.000000,12.211000,0.000000,2.842000,-0.105000,0,0,2,0,1,0,0,0
4,-4.048385,47.843388,83.605629,0.100000,0.100000,0.100000,1.000000,1.000000,1.000000,1.000000,1.000000,0.500000,0.500000,0.500000,1.000000,26,2.110545,0.573171,2.523069,0.000000,0.000000,0.000000,0,5,1,-431602080.000000,-431602080.000000,9.947000,0.000000,0.000000,1.000000,0,0,2,0,1,0,0,0
4,-4.083155,26.679653,108.786453,0.100000,0.100000,0.100000,1.000000,1.000000,1.000000,1.000000,1.000000,0.500000,0.500000,0.500000,1.000000,26,4.740000,4.740000,4.740000,0.000000,0.000000,0.000000,0,5,0,-431602080.000000,-431602080.000000,18.525999,0.000000,10.947000,-1.211000,0,0,2,0,1,0,0,0
4,-2.527200,26.679653,93.560822,0.100000,0.100000,0.100000,1.000000,1.000000,1.000000,1.000000,1.000000,0.500000,0.500000,0.500000,1.000000,26,3.540000,3.540000,3.540000,0.000000,0.000000,0.000000,0,5,0,-431602080.000000,-431602080.000000,16.000000,0.000000,6.526000,-0.474000,0,0,2,0,1,0,0,0
4,-4.336412,26.679653,79.118271,0.100000,0.100000,0.100000,1.000000,1.000000,1.000000,1.000000,1.000000,0.500000,0.500000,0.500000,1.000000,26,2.816643,1.877244,3.383246,0.000000,0.000000,0.000000,0,5,1,-431602080.000000,-431602080.000000,12.000000,0.000000,3.579000,-1.211000,0,0,2,0,1,0,0,0
4,-4.399026,34.678711,84.323441,0.100000,0.100000,0.100000,1.000000,1.000000,1.000000,1.000000,1.000000,0.500000,0.500000,0.500000,1.000000,26,1.000000,0.606400,1.000000,0.000000,0.000000,0.000000,0,5,0,-431602080.000000,-431602080.000000,10.000000,0.000000,0.000000,1.000000,0,0,2,0,1,0,0,0
4,-2.287537,26.679628,65.699654,0.100000,0.100000,0.100000,1.000000,1.000000,1.000000,1.000000,1.000000,0.500000,0.500000,0.500000,1.000000,26,3.043079,0.978796,3.636243,0.000000,0.000000,0.000000,0,5,1,-431602080.000000,-431602080.000000,10.105000,0.000000,2.105000,-0.105000,0,0,2,0,1,0,0,0
4,-27.685383,26.398544,7.538727,0.100000,0.100000,0.100000,1.000000,1.000000,1.000000,1.000000,1.000000,0.500000,0.500000,0.500000,1.000000,32,1.450000,1.450000,1.500000,0.000000,0.000000,0.000000,0,7,0,-431602080.000000,-431602080.000000,23.158001,0.000000,0.000000,1.000000,0,0,0,0,1,0,1,0
4,-1.993695,40.464607,-45.301079,0.640000,0.640000,0.640000,1.000000,1.000000,1.000000,1.000000,1.000000,0.500000,0.500000,0.500000,1.000000,31,1.000000,1.000000,1.000000,0.000000,0.000000,0.000000,0,7,0,-431602080.000000,-431602080.000000,4.842000,0.000000,0.000000,0.263000,0,0,2,0,0,0,0,0
4,-2.194548,42.829613,-53.747696,0.640000,0.640000,0.640000,1.000000,1.000000,1.000000,1.000000,1.000000,0.500000,0.500000,0.500000,1.000000,31,1.000000,1.000000,1.000000,0.000000,0.000000,0.000000,0,7,0,-431602080.000000,-431602080.000000,4.842000,0.000000,0.000000,-0.842000,0,0,2,0,0,0,0,0
4,-3.056618,48.759808,-52.726406,0.640000,0.640000,0.640000,1.000000,1.000000,1.000000,1.000000,1.000000,0.500000,0.500000,0.500000,1.000000,31,1.350000,0.975788,1.350000,0.000000,0.000000,0.000000,0,7,0,-431602080.000000,-431602080.000000,6.737000,0.000000,0.000000,-0.842000,0,0,2,0,0,0,0,0
4,-3.056514,45.294388,-39.766106,0.640000,0.640000,0.640000,1.000000,1.000000,1.000000,1.000000,1.000000,0.500000,0.500000,0.500000,1.000000,31,1.000000,1.000000,1.000000,0.000000,0.000000,0.000000,0,7,0,-431602080.000000,-431602080.000000,4.632000,-0.842000,-0.105000,-0.105000,0,0,2,0,0,0,0,0
4,33.794754,54.832714,-73.103645,0.100000,0.100000,0.100000,1.000000,1.000000,1.000000,1.000000,1.000000,0.500000,0.500000,0.500000,1.000000,26,1.000000,0.830230,1.000000,0.000000,0.000000,0.000000,0,7,0,-431602080.000000,-431602080.000000,10.000000,0.000000,0.000000,1.000000,0,0,2,0,1,0,0,0
4,31.295252,54.172001,-93.294220,0.000000,0.000000,0.000000,1.000000,1.000000,1.000000,1.000000,1.000000,0.500000,0.500000,0.500000,1.000000,30,1.513373,1.150000,2.149925,0.000000,0.000000,0.000000,0,7,0,-431602080.000000,-431602080.000000,10.000000,0.000000,0.000000,1.000000,0,0,0,0,0,0,0,0
4,31.220255,54.171955,-84.806435,0.640000,0.640000,0.640000,1.000000,1.000000,1.000000,1.000000,1.000000,0.500000,0.500000,0.500000,1.000000,30,1.519746,1.150000,1.150000,0.000000,0.000000,0.000000,0,7,0,-431602080.000000,-431602080.000000,10.000000,0.000000,0.000000,1.000000,0,0,0,0,0,0,0,0
4,33.670689,58.177563,-78.750946,0.640000,0.640000,0.640000,1.000000,1.000000,1.000000,1.000000,1.000000,0.500000,0.500000,0.500000,1.000000,30,0.351434,0.227750,1.336411,12.579240,-0.000000,0.000000,0,7,0,-431602080.000000,-431602080.000000,10.000000,0.000000,0.000000,1.000000,0,0,0,0,0,0,0,0
4,39.851582,54.172001,-94.033241,0.640000,0.640000,0.640000,1.000000,1.000000,1.000000,1.000000,1.000000,0.500000,0.500000,0.500000,1.000000,30,1.513000,1.150000,2.150000,0.000000,0.000000,0.000000,0,7,0,-431602080.000000,-431602080.000000,10.000000,0.000000,0.000000,1.000000,0,0,0,0,0,0,0,0
4,49.242752,54.832722,-92.428329,0.100000,0.100000,0.100000,1.000000,1.000000,1.000000,1.000000,1.000000,0.500000,0.500000,0.500000,1.000000,26,1.000000,1.678644,1.000000,0.000000,0.000000,0.000000,0,7,0,-431602080.000000,-431602080.000000,10.000000,0.000000,0.000000,1.000000,0,0,2,0,1,0,0,0
4,55.729061,51.678719,-88.075745,0.100000,0.100000,0.100000,1.000000,1.000000,1.000000,1.000000,1.000000,0.500000,0.500000,0.500000,1.000000,26,1.000000,2.649527,1.000000,0.000000,0.000000,0.000000,0,7,0,-431602080.000000,-431602080.000000,10.000000,0.000000,8.368000,1.000000,0,0,2,0,1,0,0,0
4,52.518436,52.815437,-82.954079,0.100000,0.100000,0.100000,1.000000,1.000000,1.000000,1.000000,1.000000,0.500000,0.500000,0.500000,1.000000,26,1.000000,2.957872,1.000000,0.000000,0.000000,0.000000,0,7,0,-431602080.000000,-431602080.000000,14.105000,0.000000,7.263000,1.000000,0,0,2,0,1,0,0,0
4,47.845524,54.832718,-78.000099,0.100000,0.100000,0.100000,1.000000,1.000000,1.000000,1.000000,1.000000,0.500000,0.500000,0.500000,1.000000,26,1.000000,2.985036,1.000000,0.000000,0.000000,0.000000,0,7,0,-431602080.000000,-431602080.000000,12.000000,0.000000,6.895000,1.000000,0,0,2,0,1,0,0,0
4,53.961781,54.832737,-75.314034,0.100000,0.100000,0.100000,1.000000,1.000000,1.000000,1.000000,1.000000,0.500000,0.500000,0.500000,1.000000,26,1.000000,3.375131,1.000000,0.000000,0.000000,0.000000,0,7,0,-431602080.000000,-431602080.000000,17.684000,0.000000,7.632000,1.000000,0,0,2,0,1,0,0,0
4,45.006199,44.320633,-7.991054,0.100000,0.100000,0.100000,1.000000,1.000000,1.000000,1.000000,1.000000,0.500000,0.500000,0.500000,1.000000,29,1.300000,1.300000,1.300000,0.000000,0.000000,0.000000,0,7,0,-431602080.000000,-431602080.000000,14.105000,0.000000,6.526000,1.000000,0,0,2,0,1,0,2,0
4,44.522736,44.614956,4.737985,0.100000,0.100000,0.100000,1.000000,1.000000,1.000000,1.000000,1.000000,0.500000,0.500000,0.500000,1.000000,29,1.632480,1.632480,1.632480,0.000000,0.000000,0.000000,0,7,0,-431602080.000000,-431602080.000000,16.632000,0.000000,6.895000,1.000000,0,0,2,0,1,0,2,0
4,44.547680,42.076420,17.667158,0.100000,0.100000,0.100000,1.000000,1.000000,1.000000,1.000000,1.000000,0.500000,0.500000,0.500000,1.000000,29,1.000000,1.000000,1.000000,0.000000,0.000000,0.000000,0,7,0,-431602080.000000,-431602080.000000,10.000000,0.000000,5.789000,1.000000,0,0,2,0,1,0,2,0
4,-4.019982,51.040401,19.491070,0.100000,0.100000,0.100000,1.000000,1.000000,1.000000,1.000000,1.000000,0.500000,0.500000,0.500000,1.000000,26,3.451000,0.507927,3.451000,0.000000,0.000000,0.000000,0,7,0,-431602080.000000,-431602080.000000,10.000000,0.000000,0.000000,1.000000,0,0,2,0,1,0,0,0
4,-3.695288,53.584198,-1.493118,0.640000,0.640000,0.640000,1.000000,1.000000,1.000000,1.000000,1.000000,0.500000,0.500000,0.500000,1.000000,31,1.360000,1.360000,1.360000,0.000000,0.000000,0.000000,0,7,0,-431602080.000000,-431602080.000000,10.000000,0.000000,0.000000,1.000000,0,0,2,0,0,0,0,0
4,-19.385157,16.402412,8.023090,0.576000,0.576000,0.576000,1.000000,1.000000,1.000000,1.000000,1.000000,0.500000,0.500000,0.500000,1.000000,33,1.179610,1.410809,1.245495,0.000000,0.000000,0.000000,0,7,0,-431602080.000000,-431602080.000000,10.000000,0.000000,6.158000,1.000000,0,0,2,0,1,0,0,0
4,-10.457367,16.629881,8.023000,0.576000,0.576000,0.576000,1.000000,1.000000,1.000000,1.000000,1.000000,0.500000,0.500000,0.500000,1.000000,33,1.460580,1.648110,1.486604,0.000000,0.000000,0.000000,0,7,0,-431602080.000000,-431602080.000000,10.000000,0.000000,8.000000,1.000000,0,0,2,0,1,0,0,0
4,23.013397,43.739956,22.856642,0.100000,0.100000,0.100000,1.000000,1.000000,1.000000,1.000000,1.000000,0.500000,0.500000,0.500000,1.000000,28,1.090000,1.300000,1.090000,0.000000,0.000000,0.000000,0,7,0,-431602080.000000,-431602080.000000,10.000000,0.000000,6.526000,1.000000,0,0,2,0,1,0,2,0
4,23.101387,43.724957,-2.693130,0.100000,0.100000,0.100000,1.000000,1.000000,1.000000,1.000000,1.000000,0.500000,0.500000,0.500000,1.000000,28,1.000000,2.463765,1.000000,0.000000,0.000000,0.000000,0,7,0,-431602080.000000,-431602080.000000,14.316000,0.000000,11.684000,1.000000,0,0,2,0,1,0,2,0
4,23.377506,69.658325,2.280377,0.100000,0.100000,0.100000,1.000000,1.000000,1.000000,1.000000,1.000000,0.500000,0.500000,0.500000,1.000000,28,1.000000,0.833915,1.085374,0.000000,0.000000,0.000000,0,7,0,-431602080.000000,-431602080.000000,10.000000,0.000000,0.000000,1.000000,0,0,2,0,1,0,2,0
4,23.366932,69.694489,7.025007,0.100000,0.100000,0.100000,1.000000,1.000000,1.000000,1.000000,1.000000,0.500000,0.500000,0.500000,1.000000,28,1.000000,0.494892,1.085000,0.000000,0.000000,0.000000,0,7,0,-431602080.000000,-431602080.000000,10.000000,0.000000,0.000000,1.000000,0,0,2,0,1,0,2,0
4,23.330921,43.832985,5.392682,0.100000,0.100000,0.100000,1.000000,1.000000,1.000000,1.000000,1.000000,0.500000,0.500000,0.500000,1.000000,28,1.000000,1.578508,1.085000,0.000000,0.000000,0.000000,0,7,0,-431602080.000000,-431602080.000000,13.263000,0.000000,6.526000,1.000000,0,0,2,0,1,0,2,0
4,23.097071,61.672440,15.558845,0.100000,0.100000,0.100000,1.000000,1.000000,1.000000,1.000000,1.000000,0.500000,0.500000,0.500000,1.000000,28,1.000000,1.000000,1.000000,0.000000,0.000000,0.000000,0,7,0,-431602080.000000,-431602080.000000,10.000000,0.000000,4.316000,1.000000,0,0,2,0,1,0,2,0
4,23.117630,63.351112,24.780966,0.100000,0.100000,0.100000,1.000000,1.000000,1.000000,1.000000,1.000000,0.500000,0.500000,0.500000,1.000000,28,1.000000,1.471010,0.796220,0.000000,0.000000,0.000000,0,7,0,-431602080.000000,-431602080.000000,10.000000,0.000000,7.263000,1.000000,0,0,2,0,1,0,2,0
4,28.617447,130.762100,117.553940,0.434000,0.600000,0.600000,1.000000,2.000000,0.730000,0.381000,1.000000,2.000000,0.762000,0.339000,1.000000,50,1.000000,1.000000,1.000000,0.000000,0.000000,0.000000,5,5,1,4893279869685679735410262267658240.000000,0.000000,10.000000,0.000000,0.000000,0.000000,1,0,0,0,1,0,0,0
4,3.969104,-3.656484,7.415762,0.200000,0.200000,0.200000,1.000000,0.500000,0.500000,0.500000,1.000000,0.500000,0.500000,0.500000,1.000000,27,7.430000,7.430000,7.430000,0.000000,0.000000,0.000000,0,7,0,-431602080.000000,-431602080.000000,16.931000,0.000000,25.556000,0.000000,0,0,1,0,1,0,0,0
4,6.174539,34.125000,4.077974,0.100000,0.100000,0.100000,1.000000,1.200000,1.200000,1.200000,1.577000,0.100000,0.100000,0.100000,1.000000,27,7.430000,8.000000,7.430000,0.000000,-0.000000,0.000000,0,7,1,-0.000000,0.000077,35.979000,0.000000,19.259001,4.444000,0,0,0,0,1,0,0,0
4,-10.432341,26.344908,120.209511,0.600000,0.600000,0.600000,1.000000,1.000000,1.000000,1.000000,1.000000,0.500000,0.500000,0.500000,1.000000,55,0.159944,1.090155,1.000000,0.000000,0.000000,0.000000,0,5,0,-431602080.000000,-431602080.000000,19.052561,0.000000,10.010171,0.000000,0,1,0,0,0,0,0,0
4,-17.306749,26.739674,-44.735439,0.600000,0.600000,0.600000,1.000000,1.000000,1.000000,1.000000,1.000000,0.500000,0.500000,0.500000,1.000000,47,1.000000,1.000000,1.000000,0.000000,0.000000,0.000000,5,5,0,-431602080.000000,-431602080.000000,10.965795,0.000000,0.918280,0.000000,0,0,0,0,0,0,0,0
4,9.842744,61.182690,-21.604057,0.600000,0.600000,0.600000,1.000000,1.000000,1.000000,1.000000,1.000000,0.500000,0.500000,0.500000,1.000000,47,0.810000,0.810000,0.810000,0.000000,0.000000,0.000000,5,5,0,-431602080.000000,-431602080.000000,10.965795,0.000000,0.918280,0.000000,0,0,0,0,0,0,0,0
4,10.194903,61.182716,38.002480,0.600000,0.600000,0.600000,1.000000,1.000000,1.000000,1.000000,1.000000,0.500000,0.500000,0.500000,1.000000,47,1.000000,1.000000,1.000000,0.000000,0.000000,0.000000,5,5,0,-431602080.000000,-431602080.000000,10.965795,0.000000,0.918280,0.000000,0,0,0,0,0,0,0,0
4,-42.026604,26.679636,50.763798,0.600000,0.600000,0.600000,1.000000,1.000000,1.000000,1.000000,1.000000,0.500000,0.500000,0.500000,1.000000,46,0.741242,1.000000,1.489387,0.000000,0.000000,0.000000,5,5,0,-431602080.000000,-431602080.000000,23.340910,0.000000,0.429530,0.000000,0,0,0,0,0,0,0,0
8,-73.433052,26.434593,94.174965,0.000000,-90.000000,0.000000,3
5,2,-28.100000,26.850000,59.700001,9.999567,10.000000,9.999567,0.000000,-0.000006,0.000000,16.000000,0.000000,0.000000,0.000000,1.700000,0.000000,0.500000,0.000000,1,1850,2,10,0.000000,0.000000,0.000000,0.000000,0.000000,0.000000,0.000000,0.000000,0.000000,0,0,T,-28.100000,26.850000,49.700001,T,-28.100000,26.850000,69.699997
5,2,-39.299999,26.850000,95.000000,9.999390,10.000000,9.999390,0.000000,-89.999962,0.000000,18.000000,0.000000,0.000000,0.000000,1.700000,0.000000,0.500000,0.000000,1,1800,2,10,0.000000,0.000000,0.000000,0.000000,0.000000,0.000000,0.000000,0.000000,0.000000,0,0,T,-30.299999,26.850000,95.000000,T,-49.299999,26.850000,95.000000
6,33.299999,76.900002,83.459999,9.993113,10.000000,9.993113,-0.000000,178.009399,0.000000,20.528999,-4.000000,-18.000000,-6.000000,1,1200,2,100
5,4,44.799999,50.900002,-44.000000,10.000000,10.000000,10.000000,-0.000000,34.920506,0.000000,14.000000,0.000000,0.000000,0.000000,1.700000,0.000000,0.500000,0.000000,1,1800,2,10,0.000000,0.000000,0.000000,0.000000,0.000000,0.000000,0.000000,0.000000,0.000000,0,0,T,48.799999,50.900002,-44.000000,T,40.799999,50.900002,-44.000000,T,44.799999,50.900002,-40.000000,T,44.799999,50.900002,-48.000000
7,2,11.100000,51.700001,-44.400002,15.998644,16.000000,15.998644,-0.000000,-131.329071,0.000000,1.600000,0.000000,1.700000,0.000000,1,2500,2,100,T,19.100000,51.700001,-44.400002,T,3.100000,51.700001,-44.400002
5,2,44.843109,44.320610,0.424521,9.976283,10.000000,9.976283,0.000000,-3.009907,0.000000,0.000000,0.000000,2.000000,0.000000,1.700000,0.000000,0.500000,0.000000,1,600,2,10,24.073999,14.550000,42.063000,-8.730000,0.000000,0.000000,0.000000,0.000000,3.439000,1,0,T,44.843109,44.320610,13.599522,T,44.843109,44.320610,-11.797479
14,0.000000,30.549000,184.615005,